svg/svg/g/g_1/g_2/path                   2 1.0 0.0 0.0 0.0 0.0 0.0 0.0 1.0 0.0 0.0 0 0 0 0 0.0 0.0 0 0 0
svg/svg/g/g_1/g_2/g_3/g_4/g_5/path_1     2 1.0 0.0 0.0 0.0 0.0 0.0 0.0 1.0 0.0 100.0 0 0 0 0 0.0 0.0 0 0 0
svg/svg/g/g_1/g_2/g_3/g_4/g_5/g_6/g_7/text 9 1.0 0.0 0.0 0.0 0.0 0.0 0.0 1.0 0.0 10010.0 15.0 28.0 353.0 393.0 373.0 21.5 40.0 13.0 520.0
svg/svg/g/g_1/g_2/g_3/g_4/g_5/path_2     2 1.0 0.0 0.0 0.0 0.0 0.0 0.0 1.0 0.0 100.2 0.0 0.0 0.0 0.0 0.0 0.0 0.0 0.0 0.0
svg/svg/g/g_1/g_2/g_3/g_8/g_9/path_3     2 1.0 0.0 0.0 0.0 0.0 0.0 0.0 1.0 0.0 110.0 0 0 0 0 0.0 0.0 0 0 0
svg/svg/g/g_1/g_2/g_3/g_8/g_9/g_10/g_11/text_1 9 1.0 0.0 0.0 0.0 0.0 0.0 0.0 1.0 0.0 11010.0 32.0 43.0 671.0 711.0 691.0 37.5 40.0 11.0 440.0
svg/svg/g/g_1/g_2/g_3/g_8/g_9/g_10/g_12/g_13/path_4 2 1.0 0.0 0.0 0.0 0.0 0.0 0.0 1.0 0.0 110110.0 0 0 0 0 0.0 0.0 0 0 0
svg/svg/g/g_1/g_2/g_3/g_8/g_9/g_10/g_12/g_13/g_14/g_15/g_16/path_5 2 1.0 0.0 0.0 0.0 0.0 0.0 0.0 1.0 0.0 110110100.0 0 0 0 0 0.0 0.0 0 0 0
svg/svg/g/g_1/g_2/g_3/g_8/g_9/g_10/g_12/g_13/g_14/g_15/g_16/g_17/g_18/text_2 9 1.0 0.0 0.0 0.0 0.0 0.0 0.0 1.0 0.0 11011010010.0 139.0 149.0 687.0 727.0 707.0 144.0 40.0 10.0 400.0
svg/svg/g/g_1/g_2/g_3/g_8/g_9/g_10/g_12/g_13/g_14/g_15/g_16/g_17/g_19/path_6 2 1.0 0.0 0.0 0.0 269.032 43.256 42.157 1.5 0.0 11011010011.0 0.0 0.0 -5.0 5.0 0.0 0.0 10.0 0.0 0.0
svg/svg/g/g_1/g_2/g_3/g_8/g_9/g_10/g_12/g_13/g_14/g_15/g_16/path_7 2 1.0 0.0 0.0 0.0 0.0 0.0 0.0 1.0 0.0 110110100.2 0.0 0.0 0.0 0.0 0.0 0.0 0.0 0.0 0.0
svg/svg/g/g_1/g_2/g_3/g_8/g_9/g_10/g_12/g_13/g_14/g_15/g_20/path_8 2 1.0 0.0 0.0 0.0 0.0 0.0 0.0 1.0 0.0 110110101.0 0 0 0 0 0.0 0.0 0 0 0
svg/svg/g/g_1/g_2/g_3/g_8/g_9/g_10/g_12/g_13/g_14/g_15/g_20/g_21/g_22/text_3 9 1.0 0.0 0.0 0.0 0.0 0.0 0.0 1.0 0.0 11011010110.0 126.0 136.0 687.0 727.0 707.0 131.0 40.0 10.0 400.0
svg/svg/g/g_1/g_2/g_3/g_8/g_9/g_10/g_12/g_13/g_14/g_15/g_20/g_21/g_23/path_9 2 1.0 0.0 0.0 0.0 29.882 100.0 50.0 1.5 0.0 11011010111.0 0.0 0.0 -5.0 5.0 0.0 0.0 10.0 0.0 0.0
svg/svg/g/g_1/g_2/g_3/g_8/g_9/g_10/g_12/g_13/g_14/g_15/g_20/path_10 2 1.0 0.0 0.0 0.0 0.0 0.0 0.0 1.0 0.0 110110101.2 0.0 0.0 0.0 0.0 0.0 0.0 0.0 0.0 0.0
svg/svg/g/g_1/g_2/g_3/g_8/g_9/g_10/g_12/g_13/g_14/g_15/g_24/path_11 2 1.0 0.0 0.0 0.0 0.0 0.0 0.0 1.0 0.0 110110102.0 0 0 0 0 0.0 0.0 0 0 0
svg/svg/g/g_1/g_2/g_3/g_8/g_9/g_10/g_12/g_13/g_14/g_15/g_24/g_25/g_26/text_4 9 1.0 0.0 0.0 0.0 0.0 0.0 0.0 1.0 0.0 11011010210.0 113.0 123.0 687.0 727.0 707.0 118.0 40.0 10.0 400.0
svg/svg/g/g_1/g_2/g_3/g_8/g_9/g_10/g_12/g_13/g_14/g_15/g_24/g_25/g_27/path_12 2 1.0 0.0 0.0 0.0 33.803 97.26 71.373 1.5 0.0 11011010211.0 0.0 0.0 -5.0 5.0 0.0 0.0 10.0 0.0 0.0
svg/svg/g/g_1/g_2/g_3/g_8/g_9/g_10/g_12/g_13/g_14/g_15/g_24/path_13 2 1.0 0.0 0.0 0.0 0.0 0.0 0.0 1.0 0.0 110110102.2 0.0 0.0 0.0 0.0 0.0 0.0 0.0 0.0 0.0
svg/svg/g/g_1/g_2/g_3/g_8/g_9/g_10/g_12/g_13/g_14/g_15/g_28/path_14 2 1.0 0.0 0.0 0.0 0.0 0.0 0.0 1.0 0.0 110110103.0 0 0 0 0 0.0 0.0 0 0 0
svg/svg/g/g_1/g_2/g_3/g_8/g_9/g_10/g_12/g_13/g_14/g_15/g_28/g_29/g_30/text_5 9 1.0 0.0 0.0 0.0 0.0 0.0 0.0 1.0 0.0 11011010310.0 100.0 110.0 687.0 727.0 707.0 105.0 40.0 10.0 400.0
svg/svg/g/g_1/g_2/g_3/g_8/g_9/g_10/g_12/g_13/g_14/g_15/g_28/g_29/g_31/path_15 2 1.0 0.0 0.0 0.0 116.379 56.863 40.0 1.5 0.0 11011010311.0 0.0 0.0 -5.0 5.0 0.0 0.0 10.0 0.0 0.0
svg/svg/g/g_1/g_2/g_3/g_8/g_9/g_10/g_12/g_13/g_14/g_15/g_28/path_16 2 1.0 0.0 0.0 0.0 0.0 0.0 0.0 1.0 0.0 110110103.2 0.0 0.0 0.0 0.0 0.0 0.0 0.0 0.0 0.0
svg/svg/g/g_1/g_2/g_3/g_8/g_9/g_10/g_12/g_13/g_14/g_15/g_32/path_17 2 1.0 0.0 0.0 0.0 0.0 0.0 0.0 1.0 0.0 110110104.0 0 0 0 0 0.0 0.0 0 0 0
svg/svg/g/g_1/g_2/g_3/g_8/g_9/g_10/g_12/g_13/g_14/g_15/g_32/g_33/g_34/text_6 9 1.0 0.0 0.0 0.0 0.0 0.0 0.0 1.0 0.0 11011010410.0 87.0 97.0 687.0 727.0 707.0 92.0 40.0 10.0 400.0
svg/svg/g/g_1/g_2/g_3/g_8/g_9/g_10/g_12/g_13/g_14/g_15/g_32/g_33/g_35/path_18 2 1.0 0.0 0.0 0.0 91.765 57.047 70.784 1.5 0.0 11011010411.0 0.0 0.0 -5.0 5.0 0.0 0.0 10.0 0.0 0.0
svg/svg/g/g_1/g_2/g_3/g_8/g_9/g_10/g_12/g_13/g_14/g_15/g_32/path_19 2 1.0 0.0 0.0 0.0 0.0 0.0 0.0 1.0 0.0 110110104.2 0.0 0.0 0.0 0.0 0.0 0.0 0.0 0.0 0.0
svg/svg/g/g_1/g_2/g_3/g_8/g_9/g_10/g_12/g_13/g_14/g_15/g_36/path_20 2 1.0 0.0 0.0 0.0 0.0 0.0 0.0 1.0 0.0 110110105.0 0 0 0 0 0.0 0.0 0 0 0
svg/svg/g/g_1/g_2/g_3/g_8/g_9/g_10/g_12/g_13/g_14/g_15/g_36/g_37/g_38/text_7 9 1.0 0.0 0.0 0.0 0.0 0.0 0.0 1.0 0.0 11011010510.0 74.0 84.0 687.0 727.0 707.0 79.0 40.0 10.0 400.0
svg/svg/g/g_1/g_2/g_3/g_8/g_9/g_10/g_12/g_13/g_14/g_15/g_36/g_37/g_39/path_21 2 1.0 0.0 0.0 0.0 204.161 70.616 41.373 1.5 0.0 11011010511.0 0.0 0.0 -5.0 5.0 0.0 0.0 10.0 0.0 0.0
svg/svg/g/g_1/g_2/g_3/g_8/g_9/g_10/g_12/g_13/g_14/g_15/g_36/path_22 2 1.0 0.0 0.0 0.0 0.0 0.0 0.0 1.0 0.0 110110105.2 0.0 0.0 0.0 0.0 0.0 0.0 0.0 0.0 0.0
svg/svg/g/g_1/g_2/g_3/g_8/g_9/g_10/g_12/g_13/g_14/g_15/g_40/path_23 2 1.0 0.0 0.0 0.0 0.0 0.0 0.0 1.0 0.0 110110106.0 0 0 0 0 0.0 0.0 0 0 0
svg/svg/g/g_1/g_2/g_3/g_8/g_9/g_10/g_12/g_13/g_14/g_15/g_40/g_41/g_42/text_8 9 1.0 0.0 0.0 0.0 0.0 0.0 0.0 1.0 0.0 11011010610.0 61.0 71.0 687.0 727.0 707.0 66.0 40.0 10.0 400.0
svg/svg/g/g_1/g_2/g_3/g_8/g_9/g_10/g_12/g_13/g_14/g_15/g_40/g_41/g_43/path_24 2 1.0 0.0 0.0 0.0 200.656 52.137 77.059 1.5 0.0 11011010611.0 0.0 0.0 -5.0 5.0 0.0 0.0 10.0 0.0 0.0
svg/svg/g/g_1/g_2/g_3/g_8/g_9/g_10/g_12/g_13/g_14/g_15/g_40/path_25 2 1.0 0.0 0.0 0.0 0.0 0.0 0.0 1.0 0.0 110110106.2 0.0 0.0 0.0 0.0 0.0 0.0 0.0 0.0 0.0
svg/svg/g/g_1/g_2/g_3/g_8/g_9/g_10/g_12/g_13/g_14/g_15/g_44/path_26 2 1.0 0.0 0.0 0.0 0.0 0.0 0.0 1.0 0.0 110110107.0 0 0 0 0 0.0 0.0 0 0 0
svg/svg/g/g_1/g_2/g_3/g_8/g_9/g_10/g_12/g_13/g_14/g_15/g_44/g_45/g_46/text_9 9 1.0 0.0 0.0 0.0 0.0 0.0 0.0 1.0 0.0 11011010710.0 48.0 58.0 687.0 727.0 707.0 53.0 40.0 10.0 400.0
svg/svg/g/g_1/g_2/g_3/g_8/g_9/g_10/g_12/g_13/g_14/g_15/g_44/g_45/g_47/path_27 2 1.0 0.0 0.0 0.0 21.46 63.134 42.549 1.5 0.0 11011010711.0 0.0 0.0 -5.0 5.0 0.0 0.0 10.0 0.0 0.0
svg/svg/g/g_1/g_2/g_3/g_8/g_9/g_10/g_12/g_13/g_14/g_15/g_44/path_28 2 1.0 0.0 0.0 0.0 0.0 0.0 0.0 1.0 0.0 110110107.2 0.0 0.0 0.0 0.0 0.0 0.0 0.0 0.0 0.0
svg/svg/g/g_1/g_2/g_3/g_8/g_9/g_10/g_12/g_13/path_29 2 1.0 0.0 0.0 0.0 0.0 0.0 0.0 1.0 0.0 110110.2 0.0 0.0 0.0 0.0 0.0 0.0 0.0 0.0 0.0
svg/svg/g/g_1/g_2/g_3/g_8/g_9/path_30    2 1.0 0.0 0.0 0.0 0.0 0.0 0.0 1.0 0.0 110.2 0.0 0.0 0.0 0.0 0.0 0.0 0.0 0.0 0.0
svg/svg/g/g_1/g_2/g_3/g_48/text_10       9 1.0 0.0 0.0 0.0 0.0 0.0 0.0 1.0 0.0 12.0 46.0 57.0 518.0 558.0 538.0 51.5 40.0 11.0 440.0
svg/svg/g/g_1/g_2/g_3/g_48/text_11       9 1.0 0.0 0.0 0.0 0.0 0.0 0.0 1.0 0.0 12.1 46.0 57.0 518.0 558.0 538.0 51.5 40.0 11.0 440.0
svg/svg/g/g_1/g_2/g_3/g_48/text_12       9 1.0 0.0 0.0 0.0 0.0 0.0 0.0 1.0 0.0 12.2 46.0 57.0 518.0 558.0 538.0 51.5 40.0 11.0 440.0
svg/svg/g/g_1/g_2/g_3/g_48/text_13       9 1.0 0.0 0.0 0.0 0.0 0.0 0.0 1.0 0.0 12.3 46.0 57.0 518.0 558.0 538.0 51.5 40.0 11.0 440.0
svg/svg/g/g_1/g_2/g_3/g_48/text_14       9 1.0 0.0 0.0 0.0 0.0 0.0 0.0 1.0 0.0 12.4 46.0 57.0 518.0 558.0 538.0 51.5 40.0 11.0 440.0
svg/svg/g/g_1/g_2/g_3/g_48/text_15       9 1.0 0.0 0.0 0.0 0.0 0.0 0.0 1.0 0.0 12.5 46.0 57.0 518.0 558.0 538.0 51.5 40.0 11.0 440.0
svg/svg/g/g_1/g_2/g_3/g_48/text_16       9 1.0 0.0 0.0 0.0 0.0 0.0 0.0 1.0 0.0 12.6 46.0 57.0 518.0 558.0 538.0 51.5 40.0 11.0 440.0
svg/svg/g/g_1/g_2/g_3/g_48/text_17       9 1.0 0.0 0.0 0.0 0.0 0.0 0.0 1.0 0.0 12.7 46.0 57.0 518.0 558.0 538.0 51.5 40.0 11.0 440.0
svg/svg/g/g_1/g_2/g_3/g_48/text_18       9 1.0 0.0 0.0 0.0 0.0 0.0 0.0 1.0 0.0 12.8 46.0 57.0 518.0 558.0 538.0 51.5 40.0 11.0 440.0
svg/svg/g/g_1/g_2/g_3/g_48/text_19       9 1.0 0.0 0.0 0.0 0.0 0.0 0.0 1.0 0.0 12.9 46.0 57.0 518.0 558.0 538.0 51.5 40.0 11.0 440.0
svg/svg/g/g_1/g_2/g_3/g_48/text_20       9 1.0 0.0 0.0 0.0 0.0 0.0 0.0 1.0 0.0 12.1 46.0 57.0 518.0 558.0 538.0 51.5 40.0 11.0 440.0
svg/svg/g/g_1/g_2/g_3/g_48/text_21       9 1.0 0.0 0.0 0.0 0.0 0.0 0.0 1.0 0.0 12.11 46.0 57.0 518.0 558.0 538.0 51.5 40.0 11.0 440.0
svg/svg/g/g_1/g_2/g_3/g_48/text_22       9 1.0 0.0 0.0 0.0 0.0 0.0 0.0 1.0 0.0 12.12 46.0 57.0 518.0 558.0 538.0 51.5 40.0 11.0 440.0
svg/svg/g/g_1/g_2/g_3/g_48/text_23       9 1.0 0.0 0.0 0.0 0.0 0.0 0.0 1.0 0.0 12.13 46.0 57.0 518.0 558.0 538.0 51.5 40.0 11.0 440.0
svg/svg/g/g_1/g_2/g_3/g_48/text_24       9 1.0 0.0 0.0 0.0 0.0 0.0 0.0 1.0 0.0 12.14 46.0 57.0 518.0 558.0 538.0 51.5 40.0 11.0 440.0
svg/svg/g/g_1/g_2/g_3/g_48/text_25       9 1.0 0.0 0.0 0.0 0.0 0.0 0.0 1.0 0.0 12.15 46.0 57.0 518.0 558.0 538.0 51.5 40.0 11.0 440.0
svg/svg/g/g_1/g_2/g_3/g_48/text_26       9 1.0 0.0 0.0 0.0 0.0 0.0 0.0 1.0 0.0 12.16 46.0 57.0 518.0 558.0 538.0 51.5 40.0 11.0 440.0
svg/svg/g/g_1/g_2/g_3/g_48/text_27       9 1.0 0.0 0.0 0.0 0.0 0.0 0.0 1.0 0.0 12.17 46.0 57.0 518.0 558.0 538.0 51.5 40.0 11.0 440.0
svg/svg/g/g_1/g_2/g_3/g_48/text_28       9 1.0 0.0 0.0 0.0 0.0 0.0 0.0 1.0 0.0 12.18 46.0 57.0 518.0 558.0 538.0 51.5 40.0 11.0 440.0
svg/svg/g/g_1/g_2/g_3/g_48/text_29       9 1.0 0.0 0.0 0.0 0.0 0.0 0.0 1.0 0.0 12.19 46.0 57.0 518.0 558.0 538.0 51.5 40.0 11.0 440.0
svg/svg/g/g_1/g_2/g_3/g_48/text_30       9 1.0 0.0 0.0 0.0 0.0 0.0 0.0 1.0 0.0 12.2 46.0 57.0 518.0 558.0 538.0 51.5 40.0 11.0 440.0
svg/svg/g/g_1/g_2/g_3/g_48/text_31       9 1.0 0.0 0.0 0.0 0.0 0.0 0.0 1.0 0.0 12.21 46.0 57.0 518.0 558.0 538.0 51.5 40.0 11.0 440.0
svg/svg/g/g_1/g_2/g_3/g_48/text_32       9 1.0 0.0 0.0 0.0 0.0 0.0 0.0 1.0 0.0 12.22 46.0 57.0 518.0 558.0 538.0 51.5 40.0 11.0 440.0
svg/svg/g/g_1/g_2/g_3/g_48/text_33       9 1.0 0.0 0.0 0.0 0.0 0.0 0.0 1.0 0.0 12.23 46.0 57.0 518.0 558.0 538.0 51.5 40.0 11.0 440.0
svg/svg/g/g_1/g_2/g_3/g_48/text_34       9 1.0 0.0 0.0 0.0 0.0 0.0 0.0 1.0 0.0 12.24 46.0 57.0 518.0 558.0 538.0 51.5 40.0 11.0 440.0
svg/svg/g/g_1/g_2/g_3/g_48/text_35       9 1.0 0.0 0.0 0.0 0.0 0.0 0.0 1.0 0.0 12.25 46.0 57.0 518.0 558.0 538.0 51.5 40.0 11.0 440.0
svg/svg/g/g_1/g_2/g_3/g_48/text_36       9 1.0 0.0 0.0 0.0 0.0 0.0 0.0 1.0 0.0 12.26 46.0 57.0 518.0 558.0 538.0 51.5 40.0 11.0 440.0
svg/svg/g/g_1/g_2/g_3/g_48/text_37       9 1.0 0.0 0.0 0.0 0.0 0.0 0.0 1.0 0.0 12.27 46.0 57.0 518.0 558.0 538.0 51.5 40.0 11.0 440.0
svg/svg/g/g_1/g_2/g_3/g_48/text_38       9 1.0 0.0 0.0 0.0 0.0 0.0 0.0 1.0 0.0 12.28 46.0 57.0 518.0 558.0 538.0 51.5 40.0 11.0 440.0
svg/svg/g/g_1/g_2/g_3/g_48/text_39       9 1.0 0.0 0.0 0.0 0.0 0.0 0.0 1.0 0.0 12.29 46.0 57.0 518.0 558.0 538.0 51.5 40.0 11.0 440.0
svg/svg/g/g_1/g_2/g_3/g_48/text_40       9 1.0 0.0 0.0 0.0 0.0 0.0 0.0 1.0 0.0 12.3 46.0 57.0 518.0 558.0 538.0 51.5 40.0 11.0 440.0
svg/svg/g/g_1/g_2/g_3/g_48/text_41       9 1.0 0.0 0.0 0.0 0.0 0.0 0.0 1.0 0.0 12.31 46.0 57.0 518.0 558.0 538.0 51.5 40.0 11.0 440.0
svg/svg/g/g_1/g_2/g_3/g_48/text_42       9 1.0 0.0 0.0 0.0 0.0 0.0 0.0 1.0 0.0 12.32 46.0 57.0 518.0 558.0 538.0 51.5 40.0 11.0 440.0
svg/svg/g/g_1/g_2/g_3/g_48/text_43       9 1.0 0.0 0.0 0.0 0.0 0.0 0.0 1.0 0.0 12.33 46.0 57.0 518.0 558.0 538.0 51.5 40.0 11.0 440.0
svg/svg/g/g_1/g_2/g_3/g_48/text_44       9 1.0 0.0 0.0 0.0 0.0 0.0 0.0 1.0 0.0 12.34 46.0 57.0 518.0 558.0 538.0 51.5 40.0 11.0 440.0
svg/svg/g/g_1/g_2/g_3/g_48/text_45       9 1.0 0.0 0.0 0.0 0.0 0.0 0.0 1.0 0.0 12.35 46.0 57.0 518.0 558.0 538.0 51.5 40.0 11.0 440.0
svg/svg/g/g_1/g_2/g_3/g_48/text_46       9 1.0 0.0 0.0 0.0 0.0 0.0 0.0 1.0 0.0 12.36 46.0 57.0 518.0 558.0 538.0 51.5 40.0 11.0 440.0
svg/svg/g/g_1/g_2/g_3/g_48/text_47       9 1.0 0.0 0.0 0.0 0.0 0.0 0.0 1.0 0.0 12.37 46.0 57.0 518.0 558.0 538.0 51.5 40.0 11.0 440.0
svg/svg/g/g_1/g_2/g_3/g_48/text_48       9 1.0 0.0 0.0 0.0 0.0 0.0 0.0 1.0 0.0 12.38 46.0 57.0 518.0 558.0 538.0 51.5 40.0 11.0 440.0
svg/svg/g/g_1/g_2/g_3/g_48/text_49       9 1.0 0.0 0.0 0.0 0.0 0.0 0.0 1.0 0.0 12.39 46.0 57.0 518.0 558.0 538.0 51.5 40.0 11.0 440.0
svg/svg/g/g_1/g_2/g_3/g_48/text_50       9 1.0 0.0 0.0 0.0 0.0 0.0 0.0 1.0 0.0 12.4 46.0 57.0 518.0 558.0 538.0 51.5 40.0 11.0 440.0
svg/svg/g/g_1/g_2/g_3/g_48/text_51       9 1.0 0.0 0.0 0.0 0.0 0.0 0.0 1.0 0.0 12.41 46.0 57.0 518.0 558.0 538.0 51.5 40.0 11.0 440.0
svg/svg/g/g_1/g_2/g_3/g_48/text_52       9 1.0 0.0 0.0 0.0 0.0 0.0 0.0 1.0 0.0 12.42 46.0 57.0 518.0 558.0 538.0 51.5 40.0 11.0 440.0
svg/svg/g/g_1/g_2/g_3/g_48/text_53       9 1.0 0.0 0.0 0.0 0.0 0.0 0.0 1.0 0.0 12.43 46.0 57.0 518.0 558.0 538.0 51.5 40.0 11.0 440.0
svg/svg/g/g_1/g_2/g_3/g_48/text_54       9 1.0 0.0 0.0 0.0 0.0 0.0 0.0 1.0 0.0 12.44 46.0 57.0 518.0 558.0 538.0 51.5 40.0 11.0 440.0
svg/svg/g/g_1/g_2/g_3/g_48/text_55       9 1.0 0.0 0.0 0.0 0.0 0.0 0.0 1.0 0.0 12.45 46.0 57.0 518.0 558.0 538.0 51.5 40.0 11.0 440.0
svg/svg/g/g_1/g_2/g_3/g_48/text_56       9 1.0 0.0 0.0 0.0 0.0 0.0 0.0 1.0 0.0 12.46 46.0 57.0 518.0 558.0 538.0 51.5 40.0 11.0 440.0
svg/svg/g/g_1/g_2/g_3/g_48/text_57       9 1.0 0.0 0.0 0.0 0.0 0.0 0.0 1.0 0.0 12.47 46.0 57.0 518.0 558.0 538.0 51.5 40.0 11.0 440.0
svg/svg/g/g_1/g_2/g_3/g_48/text_58       9 1.0 0.0 0.0 0.0 0.0 0.0 0.0 1.0 0.0 12.48 46.0 57.0 518.0 558.0 538.0 51.5 40.0 11.0 440.0
svg/svg/g/g_1/g_2/g_3/g_48/text_59       9 1.0 0.0 0.0 0.0 0.0 0.0 0.0 1.0 0.0 12.49 46.0 57.0 518.0 558.0 538.0 51.5 40.0 11.0 440.0
svg/svg/g/g_1/g_2/g_3/g_48/text_60       9 1.0 0.0 0.0 0.0 0.0 0.0 0.0 1.0 0.0 12.5 46.0 57.0 518.0 558.0 538.0 51.5 40.0 11.0 440.0
svg/svg/g/g_1/g_2/g_3/g_48/text_61       9 1.0 0.0 0.0 0.0 0.0 0.0 0.0 1.0 0.0 12.51 46.0 57.0 518.0 558.0 538.0 51.5 40.0 11.0 440.0
svg/svg/g/g_1/g_2/g_3/g_48/text_62       9 1.0 0.0 0.0 0.0 0.0 0.0 0.0 1.0 0.0 12.52 46.0 57.0 518.0 558.0 538.0 51.5 40.0 11.0 440.0
svg/svg/g/g_1/g_2/g_3/g_48/text_63       9 1.0 0.0 0.0 0.0 0.0 0.0 0.0 1.0 0.0 12.53 46.0 57.0 518.0 558.0 538.0 51.5 40.0 11.0 440.0
svg/svg/g/g_1/g_2/g_3/g_48/text_64       9 1.0 0.0 0.0 0.0 0.0 0.0 0.0 1.0 0.0 12.54 46.0 57.0 518.0 558.0 538.0 51.5 40.0 11.0 440.0
svg/svg/g/g_1/g_2/g_3/g_48/text_65       9 1.0 0.0 0.0 0.0 0.0 0.0 0.0 1.0 0.0 12.55 46.0 57.0 518.0 558.0 538.0 51.5 40.0 11.0 440.0
svg/svg/g/g_1/g_2/g_3/g_48/text_66       9 1.0 0.0 0.0 0.0 0.0 0.0 0.0 1.0 0.0 12.56 46.0 57.0 518.0 558.0 538.0 51.5 40.0 11.0 440.0
svg/svg/g/g_1/g_2/g_3/g_48/text_67       9 1.0 0.0 0.0 0.0 0.0 0.0 0.0 1.0 0.0 12.57 46.0 57.0 518.0 558.0 538.0 51.5 40.0 11.0 440.0
svg/svg/g/g_1/g_2/g_3/g_48/text_68       9 1.0 0.0 0.0 0.0 0.0 0.0 0.0 1.0 0.0 12.58 46.0 57.0 518.0 558.0 538.0 51.5 40.0 11.0 440.0
svg/svg/g/g_1/g_2/g_3/g_48/text_69       9 1.0 0.0 0.0 0.0 0.0 0.0 0.0 1.0 0.0 12.59 46.0 57.0 518.0 558.0 538.0 51.5 40.0 11.0 440.0
svg/svg/g/g_1/g_2/g_3/g_48/text_70       9 1.0 0.0 0.0 0.0 0.0 0.0 0.0 1.0 0.0 12.6 46.0 57.0 518.0 558.0 538.0 51.5 40.0 11.0 440.0
svg/svg/g/g_1/g_2/g_3/g_48/text_71       9 1.0 0.0 0.0 0.0 0.0 0.0 0.0 1.0 0.0 12.61 46.0 57.0 518.0 558.0 538.0 51.5 40.0 11.0 440.0
svg/svg/g/g_1/g_2/g_3/g_48/text_72       9 1.0 0.0 0.0 0.0 0.0 0.0 0.0 1.0 0.0 12.62 46.0 57.0 518.0 558.0 538.0 51.5 40.0 11.0 440.0
svg/svg/g/g_1/g_2/g_3/g_48/text_73       9 1.0 0.0 0.0 0.0 0.0 0.0 0.0 1.0 0.0 12.63 46.0 57.0 518.0 558.0 538.0 51.5 40.0 11.0 440.0
svg/svg/g/g_1/g_2/g_3/g_48/text_74       9 1.0 0.0 0.0 0.0 0.0 0.0 0.0 1.0 0.0 12.64 46.0 57.0 518.0 558.0 538.0 51.5 40.0 11.0 440.0
svg/svg/g/g_1/g_2/g_3/g_48/text_75       9 1.0 0.0 0.0 0.0 0.0 0.0 0.0 1.0 0.0 12.65 46.0 57.0 518.0 558.0 538.0 51.5 40.0 11.0 440.0
svg/svg/g/g_1/g_2/g_3/g_49/path_31       2 1.0 0.0 0.0 0.0 0.0 0.0 0.0 2.0 0.0 13.0 16.71 162.76 3.82 600.0 301.91 89.735 596.18 146.05 87072.089
svg/svg/g/g_1/g_2/g_3/g_50/text_76       9 1.0 0.0 0.0 0.0 0.0 0.0 0.0 1.0 0.0 14.0 41.0 52.0 629.338 669.338 649.338 46.5 40.0 11.0 440.0
svg/svg/g/g_1/g_2/g_3/g_50/text_77       9 1.0 0.0 0.0 0.0 0.0 0.0 0.0 1.0 0.0 14.1 41.0 52.0 89.338 129.338 109.338 46.5 40.0 11.0 440.0
svg/svg/g/g_1/g_2/g_3/g_51/line          6 1.0 0.0 0.0 0.0 0.0 0.0 0.0 1.0 0.0 15.0 23.0 223.0 624.338 624.338 624.338 123.0 0.0 200.0 0.0
svg/svg/g/g_1/g_2/g_3/g_51/line_1        6 1.0 0.0 0.0 0.0 0.0 0.0 0.0 1.0 0.0 15.1 23.0 223.0 84.338 84.338 84.338 123.0 0.0 200.0 0.0
svg/svg/g/g_1/g_2/g_3/g_52/g_53/path_32  2 1.0 0.0 0.0 0.0 0.0 0.0 0.0 1.0 0.0 160.0 0 0 0 0 0.0 0.0 0 0 0
svg/svg/g/g_1/g_2/g_3/g_52/g_53/g_54/g_55/path_33 2 1.0 0.0 0.0 0.0 204.161 70.616 41.373 2.0 0.0 16010.0 145.32 175.02 2.29 565.22 283.755 160.17 562.93 29.7 16719.021
svg/svg/g/g_1/g_2/g_3/g_52/g_53/path_34  2 1.0 0.0 0.0 0.0 0.0 0.0 0.0 1.0 0.0 160.2 0.0 0.0 0.0 0.0 0.0 0.0 0.0 0.0 0.0
svg/svg/g/g_1/g_2/g_3/g_52/g_56/path_35  2 1.0 0.0 0.0 0.0 0.0 0.0 0.0 1.0 0.0 161.0 0 0 0 0 0.0 0.0 0 0 0
svg/svg/g/g_1/g_2/g_3/g_52/g_56/g_57/g_58/path_36 2 1.0 0.0 0.0 0.0 269.032 43.256 42.157 2.0 0.0 16110.0 73.76 132.1 0.0 562.93 281.465 102.93 562.93 58.34 32841.336
svg/svg/g/g_1/g_2/g_3/g_52/g_56/path_37  2 1.0 0.0 0.0 0.0 0.0 0.0 0.0 1.0 0.0 161.2 0.0 0.0 0.0 0.0 0.0 0.0 0.0 0.0 0.0
svg/svg/g/g_1/g_2/g_3/g_52/g_59/path_38  2 1.0 0.0 0.0 0.0 0.0 0.0 0.0 1.0 0.0 162.0 0 0 0 0 0.0 0.0 0 0 0
svg/svg/g/g_1/g_2/g_3/g_52/g_59/g_60/g_61/path_39 2 1.0 0.0 0.0 0.0 33.803 97.26 71.373 2.0 0.0 16210.0 116.83 158.42 0.0 567.52 283.76 137.625 567.52 41.59 23603.157
svg/svg/g/g_1/g_2/g_3/g_52/g_59/path_40  2 1.0 0.0 0.0 0.0 0.0 0.0 0.0 1.0 0.0 162.2 0.0 0.0 0.0 0.0 0.0 0.0 0.0 0.0 0.0
svg/svg/g/g_1/g_2/g_3/g_52/g_62/path_41  2 1.0 0.0 0.0 0.0 0.0 0.0 0.0 1.0 0.0 163.0 0 0 0 0 0.0 0.0 0 0 0
svg/svg/g/g_1/g_2/g_3/g_52/g_62/g_63/g_64/path_42 2 1.0 0.0 0.0 0.0 91.765 57.047 70.784 2.0 0.0 16310.0 146.92 170.0 0.0 561.78 280.89 158.46 561.78 23.08 12965.882
svg/svg/g/g_1/g_2/g_3/g_52/g_62/path_43  2 1.0 0.0 0.0 0.0 0.0 0.0 0.0 1.0 0.0 163.2 0.0 0.0 0.0 0.0 0.0 0.0 0.0 0.0 0.0
svg/svg/g/g_1/g_2/g_3/g_52/g_65/path_44  2 1.0 0.0 0.0 0.0 0.0 0.0 0.0 1.0 0.0 164.0 0 0 0 0 0.0 0.0 0 0 0
svg/svg/g/g_1/g_2/g_3/g_52/g_65/g_66/g_67/path_45 2 1.0 0.0 0.0 0.0 29.882 100.0 50.0 2.0 0.0 16410.0 86.43 145.96 33.25 566.37 299.81 116.195 533.12 59.53 31736.634
svg/svg/g/g_1/g_2/g_3/g_52/g_65/path_46  2 1.0 0.0 0.0 0.0 0.0 0.0 0.0 1.0 0.0 164.2 0.0 0.0 0.0 0.0 0.0 0.0 0.0 0.0 0.0
svg/svg/g/g_1/g_2/g_3/g_52/g_68/path_47  2 1.0 0.0 0.0 0.0 0.0 0.0 0.0 1.0 0.0 165.0 0 0 0 0 0.0 0.0 0 0 0
svg/svg/g/g_1/g_2/g_3/g_52/g_68/g_69/g_70/path_48 2 1.0 0.0 0.0 0.0 116.379 56.863 40.0 2.0 0.0 16510.0 145.4 166.0 41.27 567.52 304.395 155.7 526.25 20.6 10840.75
svg/svg/g/g_1/g_2/g_3/g_52/g_68/path_49  2 1.0 0.0 0.0 0.0 0.0 0.0 0.0 1.0 0.0 165.2 0.0 0.0 0.0 0.0 0.0 0.0 0.0 0.0 0.0
svg/svg/g/g_1/g_2/g_3/g_52/g_71/path_50  2 1.0 0.0 0.0 0.0 0.0 0.0 0.0 1.0 0.0 166.0 0 0 0 0 0.0 0.0 0 0 0
svg/svg/g/g_1/g_2/g_3/g_52/g_71/g_72/g_73/path_51 2 1.0 0.0 0.0 0.0 200.656 52.137 77.059 2.0 0.0 16610.0 166.13 179.28 0.0 567.52 283.76 172.705 567.52 13.15 7462.888
svg/svg/g/g_1/g_2/g_3/g_52/g_71/path_52  2 1.0 0.0 0.0 0.0 0.0 0.0 0.0 1.0 0.0 166.2 0.0 0.0 0.0 0.0 0.0 0.0 0.0 0.0 0.0
svg/svg/g/g_1/g_2/g_3/g_52/g_74/path_53  2 1.0 0.0 0.0 0.0 0.0 0.0 0.0 1.0 0.0 167.0 0 0 0 0 0.0 0.0 0 0 0
svg/svg/g/g_1/g_2/g_3/g_52/g_74/g_75/g_76/path_54 2 1.0 0.0 0.0 0.0 21.46 63.134 42.549 2.0 0.0 16710.0 178.64 184.0 306.12 566.37 436.245 181.32 260.25 5.36 1394.94
svg/svg/g/g_1/g_2/g_3/g_52/g_74/path_55  2 1.0 0.0 0.0 0.0 0.0 0.0 0.0 1.0 0.0 167.2 0.0 0.0 0.0 0.0 0.0 0.0 0.0 0.0 0.0
svg/svg/g/g_1/g_2/g_3/g_77/g_78/path_56  2 1.0 0.0 0.0 0.0 0.0 0.0 0.0 1.0 0.0 170.0 0 0 0 0 0.0 0.0 0 0 0
svg/svg/g/g_1/g_2/g_3/g_77/g_78/g_79/g_80/text_78 9 1.0 0.0 0.0 0.0 0.0 0.0 0.0 1.0 0.0 17010.0 83.5 123.5 16.636 27.636 22.136 103.5 11.0 40.0 440.0
svg/svg/g/g_1/g_2/g_3/g_77/g_78/g_79/g_81/line_2 6 1.0 0.0 0.0 0.0 0.0 0.0 53.333 1.0 0.0 17011.0 223.5 423.5 53.5 53.5 53.5 323.5 0.0 200.0 0.0
svg/svg/g/g_1/g_2/g_3/g_77/g_78/g_79/g_82/text_79 9 1.0 0.0 0.0 0.0 0.0 0.0 0.0 1.0 0.0 17012.0 48.722 58.722 46.5 86.5 66.5 53.722 40.0 10.0 400.0
svg/svg/g/g_1/g_2/g_3/g_77/g_78/g_79/g_82/text_80 9 1.0 0.0 0.0 0.0 0.0 0.0 0.0 1.0 0.0 17012.1 93.167 103.167 46.5 86.5 66.5 98.167 40.0 10.0 400.0
svg/svg/g/g_1/g_2/g_3/g_77/g_78/g_79/g_82/text_81 9 1.0 0.0 0.0 0.0 0.0 0.0 0.0 1.0 0.0 17012.2 137.611 147.611 46.5 86.5 66.5 142.611 40.0 10.0 400.0
svg/svg/g/g_1/g_2/g_3/g_77/g_78/g_79/g_82/text_82 9 1.0 0.0 0.0 0.0 0.0 0.0 0.0 1.0 0.0 17012.3 182.056 192.056 46.5 86.5 66.5 187.056 40.0 10.0 400.0
svg/svg/g/g_1/g_2/g_3/g_77/g_78/g_79/g_82/text_83 9 1.0 0.0 0.0 0.0 0.0 0.0 0.0 1.0 0.0 17012.4 226.5 236.5 46.5 86.5 66.5 231.5 40.0 10.0 400.0
svg/svg/g/g_1/g_2/g_3/g_77/g_78/g_79/g_83/line_3 6 1.0 0.0 0.0 0.0 0.0 0.0 53.333 1.0 0.0 17013.0 45.5 45.5 53.5 58.5 56.0 45.5 5.0 0.0 0.0
svg/svg/g/g_1/g_2/g_3/g_77/g_78/g_79/g_83/line_4 6 1.0 0.0 0.0 0.0 0.0 0.0 53.333 1.0 0.0 17013.1 90.5 90.5 53.5 58.5 56.0 90.5 5.0 0.0 0.0
svg/svg/g/g_1/g_2/g_3/g_77/g_78/g_79/g_83/line_5 6 1.0 0.0 0.0 0.0 0.0 0.0 53.333 1.0 0.0 17013.2 134.5 134.5 53.5 58.5 56.0 134.5 5.0 0.0 0.0
svg/svg/g/g_1/g_2/g_3/g_77/g_78/g_79/g_83/line_6 6 1.0 0.0 0.0 0.0 0.0 0.0 53.333 1.0 0.0 17013.3 179.5 179.5 53.5 58.5 56.0 179.5 5.0 0.0 0.0
svg/svg/g/g_1/g_2/g_3/g_77/g_78/g_79/g_83/line_7 6 1.0 0.0 0.0 0.0 0.0 0.0 53.333 1.0 0.0 17013.4 223.5 223.5 53.5 58.5 56.0 223.5 5.0 0.0 0.0
svg/svg/g/g_1/g_2/g_3/g_77/g_78/path_57  2 1.0 0.0 0.0 0.0 0.0 0.0 0.0 1.0 0.0 170.2 0.0 0.0 0.0 0.0 0.0 0.0 0.0 0.0 0.0
svg/svg/g/g_1/g_2/g_3/g_84/g_85/path_58  2 1.0 0.0 0.0 0.0 0.0 0.0 0.0 1.0 0.0 180.0 0 0 0 0 0.0 0.0 0 0 0
svg/svg/g/g_1/g_2/g_3/g_84/g_85/g_86/g_87/text_84 9 1.0 0.0 0.0 0.0 0.0 0.0 0.0 1.0 0.0 18010.0 253.5 264.5 353.5 393.5 373.5 259.0 40.0 11.0 440.0
svg/svg/g/g_1/g_2/g_3/g_84/g_85/g_86/g_88/line_8 6 1.0 0.0 0.0 0.0 0.0 0.0 53.333 1.0 0.0 18011.0 223.5 223.5 53.5 653.5 353.5 223.5 600.0 0.0 0.0
svg/svg/g/g_1/g_2/g_3/g_84/g_85/g_86/g_89/text_85 9 1.0 0.0 0.0 0.0 0.0 0.0 0.0 1.0 0.0 18012.0 238.5 248.5 642.799 682.799 662.799 243.5 40.0 10.0 400.0
svg/svg/g/g_1/g_2/g_3/g_84/g_85/g_86/g_89/text_86 9 1.0 0.0 0.0 0.0 0.0 0.0 0.0 1.0 0.0 18012.1 238.5 248.5 608.404 648.404 628.404 243.5 40.0 10.0 400.0
svg/svg/g/g_1/g_2/g_3/g_84/g_85/g_86/g_89/text_87 9 1.0 0.0 0.0 0.0 0.0 0.0 0.0 1.0 0.0 18012.2 238.5 248.5 572.863 612.863 592.863 243.5 40.0 10.0 400.0
svg/svg/g/g_1/g_2/g_3/g_84/g_85/g_86/g_89/text_88 9 1.0 0.0 0.0 0.0 0.0 0.0 0.0 1.0 0.0 18012.3 238.5 248.5 537.322 577.322 557.322 243.5 40.0 10.0 400.0
svg/svg/g/g_1/g_2/g_3/g_84/g_85/g_86/g_89/text_89 9 1.0 0.0 0.0 0.0 0.0 0.0 0.0 1.0 0.0 18012.4 238.5 248.5 502.927 542.927 522.927 243.5 40.0 10.0 400.0
svg/svg/g/g_1/g_2/g_3/g_84/g_85/g_86/g_89/text_90 9 1.0 0.0 0.0 0.0 0.0 0.0 0.0 1.0 0.0 18012.5 238.5 248.5 467.385 507.385 487.385 243.5 40.0 10.0 400.0
svg/svg/g/g_1/g_2/g_3/g_84/g_85/g_86/g_89/text_91 9 1.0 0.0 0.0 0.0 0.0 0.0 0.0 1.0 0.0 18012.6 238.5 248.5 432.99 472.99 452.99 243.5 40.0 10.0 400.0
svg/svg/g/g_1/g_2/g_3/g_84/g_85/g_86/g_89/text_92 9 1.0 0.0 0.0 0.0 0.0 0.0 0.0 1.0 0.0 18012.7 238.5 248.5 397.449 437.449 417.449 243.5 40.0 10.0 400.0
svg/svg/g/g_1/g_2/g_3/g_84/g_85/g_86/g_89/text_93 9 1.0 0.0 0.0 0.0 0.0 0.0 0.0 1.0 0.0 18012.8 238.5 248.5 365.347 405.347 385.347 243.5 40.0 10.0 400.0
svg/svg/g/g_1/g_2/g_3/g_84/g_85/g_86/g_89/text_94 9 1.0 0.0 0.0 0.0 0.0 0.0 0.0 1.0 0.0 18012.9 238.5 248.5 329.806 369.806 349.806 243.5 40.0 10.0 400.0
svg/svg/g/g_1/g_2/g_3/g_84/g_85/g_86/g_89/text_95 9 1.0 0.0 0.0 0.0 0.0 0.0 0.0 1.0 0.0 18012.1 238.5 248.5 294.264 334.264 314.264 243.5 40.0 10.0 400.0
svg/svg/g/g_1/g_2/g_3/g_84/g_85/g_86/g_89/text_96 9 1.0 0.0 0.0 0.0 0.0 0.0 0.0 1.0 0.0 18012.11 238.5 248.5 259.869 299.869 279.869 243.5 40.0 10.0 400.0
svg/svg/g/g_1/g_2/g_3/g_84/g_85/g_86/g_89/text_97 9 1.0 0.0 0.0 0.0 0.0 0.0 0.0 1.0 0.0 18012.12 238.5 248.5 224.328 264.328 244.328 243.5 40.0 10.0 400.0
svg/svg/g/g_1/g_2/g_3/g_84/g_85/g_86/g_89/text_98 9 1.0 0.0 0.0 0.0 0.0 0.0 0.0 1.0 0.0 18012.13 238.5 248.5 189.933 229.933 209.933 243.5 40.0 10.0 400.0
svg/svg/g/g_1/g_2/g_3/g_84/g_85/g_86/g_89/text_99 9 1.0 0.0 0.0 0.0 0.0 0.0 0.0 1.0 0.0 18012.14 238.5 248.5 154.392 194.392 174.392 243.5 40.0 10.0 400.0
svg/svg/g/g_1/g_2/g_3/g_84/g_85/g_86/g_89/text_100 9 1.0 0.0 0.0 0.0 0.0 0.0 0.0 1.0 0.0 18012.15 238.5 248.5 118.85 158.85 138.85 243.5 40.0 10.0 400.0
svg/svg/g/g_1/g_2/g_3/g_84/g_85/g_86/g_89/text_101 9 1.0 0.0 0.0 0.0 0.0 0.0 0.0 1.0 0.0 18012.16 238.5 248.5 84.455 124.455 104.455 243.5 40.0 10.0 400.0
svg/svg/g/g_1/g_2/g_3/g_84/g_85/g_86/g_90/line_9 6 1.0 0.0 0.0 0.0 0.0 0.0 53.333 1.0 0.0 18013.0 223.5 228.5 642.5 642.5 642.5 226.0 0.0 5.0 0.0
svg/svg/g/g_1/g_2/g_3/g_84/g_85/g_86/g_90/line_10 6 1.0 0.0 0.0 0.0 0.0 0.0 53.333 1.0 0.0 18013.1 223.5 228.5 608.5 608.5 608.5 226.0 0.0 5.0 0.0
svg/svg/g/g_1/g_2/g_3/g_84/g_85/g_86/g_90/line_11 6 1.0 0.0 0.0 0.0 0.0 0.0 53.333 1.0 0.0 18013.2 223.5 228.5 572.5 572.5 572.5 226.0 0.0 5.0 0.0
svg/svg/g/g_1/g_2/g_3/g_84/g_85/g_86/g_90/line_12 6 1.0 0.0 0.0 0.0 0.0 0.0 53.333 1.0 0.0 18013.3 223.5 228.5 537.5 537.5 537.5 226.0 0.0 5.0 0.0
svg/svg/g/g_1/g_2/g_3/g_84/g_85/g_86/g_90/line_13 6 1.0 0.0 0.0 0.0 0.0 0.0 53.333 1.0 0.0 18013.4 223.5 228.5 502.5 502.5 502.5 226.0 0.0 5.0 0.0
svg/svg/g/g_1/g_2/g_3/g_84/g_85/g_86/g_90/line_14 6 1.0 0.0 0.0 0.0 0.0 0.0 53.333 1.0 0.0 18013.5 223.5 228.5 467.5 467.5 467.5 226.0 0.0 5.0 0.0
svg/svg/g/g_1/g_2/g_3/g_84/g_85/g_86/g_90/line_15 6 1.0 0.0 0.0 0.0 0.0 0.0 53.333 1.0 0.0 18013.6 223.5 228.5 432.5 432.5 432.5 226.0 0.0 5.0 0.0
svg/svg/g/g_1/g_2/g_3/g_84/g_85/g_86/g_90/line_16 6 1.0 0.0 0.0 0.0 0.0 0.0 53.333 1.0 0.0 18013.7 223.5 228.5 397.5 397.5 397.5 226.0 0.0 5.0 0.0
svg/svg/g/g_1/g_2/g_3/g_84/g_85/g_86/g_90/line_17 6 1.0 0.0 0.0 0.0 0.0 0.0 53.333 1.0 0.0 18013.8 223.5 228.5 365.5 365.5 365.5 226.0 0.0 5.0 0.0
svg/svg/g/g_1/g_2/g_3/g_84/g_85/g_86/g_90/line_18 6 1.0 0.0 0.0 0.0 0.0 0.0 53.333 1.0 0.0 18013.9 223.5 228.5 329.5 329.5 329.5 226.0 0.0 5.0 0.0
svg/svg/g/g_1/g_2/g_3/g_84/g_85/g_86/g_90/line_19 6 1.0 0.0 0.0 0.0 0.0 0.0 53.333 1.0 0.0 18013.1 223.5 228.5 294.5 294.5 294.5 226.0 0.0 5.0 0.0
svg/svg/g/g_1/g_2/g_3/g_84/g_85/g_86/g_90/line_20 6 1.0 0.0 0.0 0.0 0.0 0.0 53.333 1.0 0.0 18013.11 223.5 228.5 259.5 259.5 259.5 226.0 0.0 5.0 0.0
svg/svg/g/g_1/g_2/g_3/g_84/g_85/g_86/g_90/line_21 6 1.0 0.0 0.0 0.0 0.0 0.0 53.333 1.0 0.0 18013.12 223.5 228.5 224.5 224.5 224.5 226.0 0.0 5.0 0.0
svg/svg/g/g_1/g_2/g_3/g_84/g_85/g_86/g_90/line_22 6 1.0 0.0 0.0 0.0 0.0 0.0 53.333 1.0 0.0 18013.13 223.5 228.5 189.5 189.5 189.5 226.0 0.0 5.0 0.0
svg/svg/g/g_1/g_2/g_3/g_84/g_85/g_86/g_90/line_23 6 1.0 0.0 0.0 0.0 0.0 0.0 53.333 1.0 0.0 18013.14 223.5 228.5 154.5 154.5 154.5 226.0 0.0 5.0 0.0
svg/svg/g/g_1/g_2/g_3/g_84/g_85/g_86/g_90/line_24 6 1.0 0.0 0.0 0.0 0.0 0.0 53.333 1.0 0.0 18013.15 223.5 228.5 118.5 118.5 118.5 226.0 0.0 5.0 0.0
svg/svg/g/g_1/g_2/g_3/g_84/g_85/g_86/g_90/line_25 6 1.0 0.0 0.0 0.0 0.0 0.0 53.333 1.0 0.0 18013.16 223.5 228.5 84.5 84.5 84.5 226.0 0.0 5.0 0.0
svg/svg/g/g_1/g_2/g_3/g_84/g_85/path_59  2 1.0 0.0 0.0 0.0 0.0 0.0 0.0 1.0 0.0 180.2 0.0 0.0 0.0 0.0 0.0 0.0 0.0 0.0 0.0
svg/svg/g/g_1/g_2/path_60                2 1.0 0.0 0.0 0.0 0.0 0.0 0.0 1.0 0.0 0.2 0.0 0.0 0.0 0.0 0.0 0.0 0.0 0.0 0.0
svg/svg/rect                             3 1.0 0.0 0.0 100.0 0.0 0.0 0.0 1.0 0.0 0.1 0.0 260.0 0.0 749.0 374.5 130.0 749.0 260.0 194740.0
