svg/svg/g/text 9.0 1.0 0.0 0.0 0.0 0.0 0.0 0.0 1.0 0.0 0.0 0.11188458569280266 0.0 0.5306495841762194 0.4582242539957484 0.47142520839081536 0.0 0.16099170892699025 0.0 0.01549244278640879
svg/svg/g/text/tspan 23.0 1.0 0.0 0.0 0.0 0.0 0.0 0.0 1.0 0.0 0.0 0.11188458569280266 0.0 0.5306495841762194 0.4582242539957484 0.47142520839081536 0.0 0.16099170892699025 0.0 0.01549244278640879
svg/svg/g/text_1 9.0 1.0 0.0 0.0 0.0 0.0 0.0 0.0 1.0 0.0 0.0008547008547008547 0.1179444615501323 0.006295576870477102 0.47881771184535854 0.401486595543658 0.4130529982204829 0.006823297692740595 0.16099170892699025 0.0 0.01549244278640879
svg/svg/g/text_1/tspan_1 23.0 1.0 0.0 0.0 0.0 0.0 0.0 0.0 1.0 0.0 0.008547008547008548 0.1179444615501323 0.006295576870477102 0.47881771184535854 0.401486595543658 0.4130529982204829 0.006823297692740595 0.16099170892699025 0.0 0.01549244278640879
svg/svg/g/text_2 9.0 1.0 0.0 0.0 0.0 0.0 0.0 0.0 1.0 0.0 0.0017094017094017094 0.13229538994274803 0.021204689694817563 0.42044729152618565 0.3375915282261239 0.3473171818322191 0.022982152906182232 0.16099170892699025 0.0 0.01549244278640879
svg/svg/g/text_2/tspan_2 23.0 1.0 0.0 0.0 0.0 0.0 0.0 0.0 1.0 0.0 0.017094017094017096 0.13229538994274803 0.021204689694817563 0.42044729152618565 0.3375915282261239 0.3473171818322191 0.022982152906182232 0.16099170892699025 0.0 0.01549244278640879
svg/svg/g/text_3 9.0 1.0 0.0 0.0 0.0 0.0 0.0 0.0 1.0 0.0 0.002564102564102564 0.16378621757542491 0.053920364197731184 0.345599011013711 0.2556590032280923 0.26302426775277116 0.05844018811801592 0.16099170892699025 0.0 0.01549244278640879
svg/svg/g/text_3/tspan_3 23.0 1.0 0.0 0.0 0.0 0.0 0.0 0.0 1.0 0.0 0.02564102564102564 0.16378621757542491 0.053920364197731184 0.345599011013711 0.2556590032280923 0.26302426775277116 0.05844018811801592 0.16099170892699025 0.0 0.01549244278640879
svg/svg/g/text_4 9.0 1.0 0.0 0.0 0.0 0.0 0.0 0.0 1.0 0.0 0.003418803418803419 0.2277339723423339 0.12035538948666478 0.2546976848730052 0.15615404298874105 0.16065267522421156 0.1304440670471903 0.16099170892699025 0.0 0.01549244278640879
svg/svg/g/text_4/tspan_4 23.0 1.0 0.0 0.0 0.0 0.0 0.0 0.0 1.0 0.0 0.03418803418803419 0.2277339723423339 0.12035538948666478 0.2546976848730052 0.15615404298874105 0.16065267522421156 0.1304440670471903 0.16099170892699025 0.0 0.01549244278640879
svg/svg/g/text_4/tspan_5 23.0 1.0 0.0 0.0 0.0 0.0 0.0 0.0 1.0 0.0 0.03504273504273504 0.2277339723423339 0.12035538948666478 0.2546976848730052 0.15615404298874105 0.16065267522421156 0.1304440670471903 0.16099170892699025 0.0 0.01549244278640879
svg/svg/g/text_5 9.0 1.0 0.0 0.0 0.0 0.0 0.0 0.0 1.0 0.0 0.004273504273504274 0.34156860645167053 0.23861766192103182 0.16460103394021128 0.057529918904023314 0.059187294804974554 0.2586195634697323 0.16099170892699025 0.0 0.01549244278640879
svg/svg/g/text_5/tspan_6 23.0 1.0 0.0 0.0 0.0 0.0 0.0 0.0 1.0 0.0 0.042735042735042736 0.34156860645167053 0.23861766192103182 0.16460103394021128 0.057529918904023314 0.059187294804974554 0.2586195634697323 0.16099170892699025 0.0 0.01549244278640879
svg/svg/g/text_5/tspan_7 23.0 1.0 0.0 0.0 0.0 0.0 0.0 0.0 1.0 0.0 0.04358974358974359 0.34156860645167053 0.23861766192103182 0.16460103394021128 0.057529918904023314 0.059187294804974554 0.2586195634697323 0.16099170892699025 0.0 0.01549244278640879
svg/svg/g/text_6 9.0 1.0 0.0 0.0 0.0 0.0 0.0 0.0 1.0 0.0 0.005128205128205128 0.5062874558784812 0.40974330921110586 0.11204540346145199 0.0 0.0 0.44408965752874024 0.16099170892699025 0.0 0.01549244278640879
svg/svg/g/text_6/tspan_8 23.0 1.0 0.0 0.0 0.0 0.0 0.0 0.0 1.0 0.0 0.05128205128205128 0.5062874558784812 0.40974330921110586 0.11204540346145199 0.0 0.0 0.44408965752874024 0.16099170892699025 0.0 0.01549244278640879
svg/svg/g/text_6/tspan_9 23.0 1.0 0.0 0.0 0.0 0.0 0.0 0.0 1.0 0.0 0.05213675213675213 0.5062874558784812 0.40974330921110586 0.11204540346145199 0.0 0.0 0.44408965752874024 0.16099170892699025 0.0 0.01549244278640879
svg/svg/g/text_7 9.0 1.0 0.0 0.0 0.0 0.0 0.0 0.0 1.0 0.0 0.0059829059829059825 0.6957656729005745 0.6065913484495172 0.1321465497864689 0.022003680812534475 0.022637583501877 0.6574382988986253 0.16099170892699025 0.0 0.01549244278640879
svg/svg/g/text_7/tspan_10 23.0 1.0 0.0 0.0 0.0 0.0 0.0 0.0 1.0 0.0 0.05982905982905983 0.6957656729005745 0.6065913484495172 0.1321465497864689 0.022003680812534475 0.022637583501877 0.6574382988986253 0.16099170892699025 0.0 0.01549244278640879
svg/svg/g/text_7/tspan_11 23.0 1.0 0.0 0.0 0.0 0.0 0.0 0.0 1.0 0.0 0.06068376068376068 0.6957656729005745 0.6065913484495172 0.1321465497864689 0.022003680812534475 0.022637583501877 0.6574382988986253 0.16099170892699025 0.0 0.01549244278640879
svg/svg/g/text_8 9.0 1.0 0.0 0.0 0.0 0.0 0.0 0.0 1.0 0.0 0.006837606837606838 0.8606652476382995 0.7779047504253456 0.23144976399190834 0.1307057515156287 0.1344712454847602 0.8431118860036981 0.16099170892699025 0.0 0.01549244278640879
svg/svg/g/text_8/tspan_12 23.0 1.0 0.0 0.0 0.0 0.0 0.0 0.0 1.0 0.0 0.06837606837606838 0.8606652476382995 0.7779047504253456 0.23144976399190834 0.1307057515156287 0.1344712454847602 0.8431118860036981 0.16099170892699025 0.0 0.01549244278640879
svg/svg/g/text_8/tspan_13 23.0 1.0 0.0 0.0 0.0 0.0 0.0 0.0 1.0 0.0 0.06923076923076923 0.8606652476382995 0.7779047504253456 0.23144976399190834 0.1307057515156287 0.1344712454847602 0.8431118860036981 0.16099170892699025 0.0 0.01549244278640879
svg/svg/g/text_9 9.0 1.0 0.0 0.0 0.0 0.0 0.0 0.0 1.0 0.0 0.007692307692307693 0.9656800403396745 0.8870041306030867 0.38446617217352214 0.2982048657586017 0.3067958314242971 0.9613564193263126 0.16099170892699025 0.0 0.01549244278640879
svg/svg/g/text_9/tspan_14 23.0 1.0 0.0 0.0 0.0 0.0 0.0 0.0 1.0 0.0 0.07692307692307693 0.9656800403396745 0.8870041306030867 0.38446617217352214 0.2982048657586017 0.3067958314242971 0.9613564193263126 0.16099170892699025 0.0 0.01549244278640879
svg/svg/g/text_9/tspan_15 23.0 1.0 0.0 0.0 0.0 0.0 0.0 0.0 1.0 0.0 0.07777777777777778 0.9656800403396745 0.8870041306030867 0.38446617217352214 0.2982048657586017 0.3067958314242971 0.9613564193263126 0.16099170892699025 0.0 0.01549244278640879
svg/svg/g/text_10 9.0 1.0 0.0 0.0 0.0 0.0 0.0 0.0 1.0 0.0 0.0008547008547008547 1.0 0.9226589772237341 0.5605416947628681 0.49094559483505235 0.5050892163290309 1.0 0.16099170892699025 0.0 0.01549244278640879
svg/svg/g/text_10/tspan_16 23.0 1.0 0.0 0.0 0.0 0.0 0.0 0.0 1.0 0.0 0.08547008547008547 1.0 0.9226589772237341 0.5605416947628681 0.49094559483505235 0.5050892163290309 1.0 0.16099170892699025 0.0 0.01549244278640879
svg/svg/g/text_10/tspan_17 23.0 1.0 0.0 0.0 0.0 0.0 0.0 0.0 1.0 0.0 0.08632478632478632 1.0 0.9226589772237341 0.5605416947628681 0.49094559483505235 0.5050892163290309 1.0 0.16099170892699025 0.0 0.01549244278640879
svg/svg/g/text_11 9.0 1.0 0.0 0.0 0.0 0.0 0.0 0.0 1.0 0.0 0.0009401709401709402 0.9622529529623334 0.8834437454510053 0.7376286806023826 0.6847935201952602 0.7045216946672708 0.9574975882305652 0.16099170892699025 0.0 0.01549244278640879
svg/svg/g/text_11/tspan_18 23.0 1.0 0.0 0.0 0.0 0.0 0.0 0.0 1.0 0.0 0.09401709401709402 0.9622529529623334 0.8834437454510053 0.7376286806023826 0.6847935201952602 0.7045216946672708 0.9574975882305652 0.16099170892699025 0.0 0.01549244278640879
svg/svg/g/text_11/tspan_19 23.0 1.0 0.0 0.0 0.0 0.0 0.0 0.0 1.0 0.0 0.09487179487179487 0.9622529529623334 0.8834437454510053 0.7376286806023826 0.6847935201952602 0.7045216946672708 0.9574975882305652 0.16099170892699025 0.0 0.01549244278640879
svg/svg/g/text_12 9.0 1.0 0.0 0.0 0.0 0.0 0.0 0.0 1.0 0.0 0.0010256410256410256 0.8519480403575237 0.7688484842865554 0.8906765565295572 0.852327080544839 0.8768817190691834 0.8332964868558566 0.16099170892699025 0.0 0.01549244278640879
svg/svg/g/text_12/tspan_20 23.0 1.0 0.0 0.0 0.0 0.0 0.0 0.0 1.0 0.0 0.10256410256410256 0.8519480403575237 0.7688484842865554 0.8906765565295572 0.852327080544839 0.8768817190691834 0.8332964868558566 0.16099170892699025 0.0 0.01549244278640879
svg/svg/g/text_12/tspan_21 23.0 1.0 0.0 0.0 0.0 0.0 0.0 0.0 1.0 0.0 0.10341880341880341 0.8519480403575237 0.7688484842865554 0.8906765565295572 0.852327080544839 0.8768817190691834 0.8332964868558566 0.16099170892699025 0.0 0.01549244278640879
svg/svg/g/text_13 9.0 1.0 0.0 0.0 0.0 0.0 0.0 0.0 1.0 0.0 0.0011111111111111111 0.6827646063981223 0.5930846008706254 0.9860395594515621 0.9567160066136525 0.9842779792988753 0.6427993608810998 0.16099170892699025 0.0 0.01549244278640879
svg/svg/g/text_13/tspan_22 23.0 1.0 0.0 0.0 0.0 0.0 0.0 0.0 1.0 0.0 0.1111111111111111 0.6827646063981223 0.5930846008706254 0.9860395594515621 0.9567160066136525 0.9842779792988753 0.6427993608810998 0.16099170892699025 0.0 0.01549244278640879
svg/svg/g/text_13/tspan_23 23.0 1.0 0.0 0.0 0.0 0.0 0.0 0.0 1.0 0.0 0.11196581196581196 0.6827646063981223 0.5930846008706254 0.9860395594515621 0.9567160066136525 0.9842779792988753 0.6427993608810998 0.16099170892699025 0.0 0.01549244278640879
svg/svg/g/text_14 9.0 1.0 0.0 0.0 0.0 0.0 0.0 0.0 1.0 0.0 0.0011965811965811968 0.49087671856383625 0.39373316582215695 1.0 0.9719977757656878 1.0 0.4267374788970175 0.16099170892699025 0.0 0.01549244278640879
svg/svg/g/text_14/tspan_24 23.0 1.0 0.0 0.0 0.0 0.0 0.0 0.0 1.0 0.0 0.11965811965811966 0.49087671856383625 0.39373316582215695 1.0 0.9719977757656878 1.0 0.4267374788970175 0.16099170892699025 0.0 0.01549244278640879
svg/svg/g/text_14/tspan_25 23.0 1.0 0.0 0.0 0.0 0.0 0.0 0.0 1.0 0.0 0.12051282051282051 0.49087671856383625 0.39373316582215695 1.0 0.9719977757656878 1.0 0.4267374788970175 0.16099170892699025 0.0 0.01549244278640879
svg/svg/g/text_15 9.0 1.0 0.0 0.0 0.0 0.0 0.0 0.0 1.0 0.0 0.001282051282051282 0.31824611663699204 0.21438803562239522 0.9355967633175994 0.9014988977245887 0.9274701241105578 0.23235891148806176 0.16099170892699025 0.0 0.01549244278640879
svg/svg/g/text_15/tspan_26 23.0 1.0 0.0 0.0 0.0 0.0 0.0 0.0 1.0 0.0 0.1282051282051282 0.31824611663699204 0.21438803562239522 0.9355967633175994 0.9014988977245887 0.9274701241105578 0.23235891148806176 0.16099170892699025 0.0 0.01549244278640879
svg/svg/g/text_15/tspan_27 23.0 1.0 0.0 0.0 0.0 0.0 0.0 0.0 1.0 0.0 0.12905982905982905 0.31824611663699204 0.21438803562239522 0.9355967633175994 0.9014988977245887 0.9274701241105578 0.23235891148806176 0.16099170892699025 0.0 0.01549244278640879
svg/svg/g/text_16 9.0 1.0 0.0 0.0 0.0 0.0 0.0 0.0 1.0 0.0 0.0013675213675213675 0.18843402633680956 0.07952685819189925 0.8093863789615644 0.7633429454373671 0.7853340454776725 0.08619312243749504 0.16099170892699025 0.0 0.01549244278640879
svg/svg/g/text_16/tspan_28 23.0 1.0 0.0 0.0 0.0 0.0 0.0 0.0 1.0 0.0 0.13675213675213677 0.18843402633680956 0.07952685819189925 0.8093863789615644 0.7633429454373671 0.7853340454776725 0.08619312243749504 0.16099170892699025 0.0 0.01549244278640879
svg/svg/g/text_16/tspan_29 23.0 1.0 0.0 0.0 0.0 0.0 0.0 0.0 1.0 0.0 0.13760683760683762 0.18843402633680956 0.07952685819189925 0.8093863789615644 0.7633429454373671 0.7853340454776725 0.08619312243749504 0.16099170892699025 0.0 0.01549244278640879
svg/svg/g/text_17 9.0 1.0 0.0 0.0 0.0 0.0 0.0 0.0 1.0 0.0 0.001452991452991453 0.11976510171934475 0.008187031482520295 0.6449426837491572 0.5833349736241241 0.6001402350582583 0.008873301712356325 0.16099170892699025 0.0 0.01549244278640879
svg/svg/g/text_17/tspan_30 23.0 1.0 0.0 0.0 0.0 0.0 0.0 0.0 1.0 0.0 0.1452991452991453 0.11976510171934475 0.008187031482520295 0.6449426837491572 0.5833349736241241 0.6001402350582583 0.008873301712356325 0.16099170892699025 0.0 0.01549244278640879
svg/svg/g/text_17/tspan_31 23.0 1.0 0.0 0.0 0.0 0.0 0.0 0.0 1.0 0.0 0.14615384615384616 0.11976510171934475 0.008187031482520295 0.6449426837491572 0.5833349736241241 0.6001402350582583 0.008873301712356325 0.16099170892699025 0.0 0.01549244278640879
svg/svg/g_1/path 2.0 1.0 1.0 0.628479069672881 0.632942531770127 0.0 0.0 1.0 1.0 0.0 0.008547008547008548 0.0038599356528645854 0.4331199265670563 0.4911912789390875 0.38868002519486655 0.41343269603165156 0.1738961130315942 0.11788617886178861 0.9927004219409283 0.23375959498623236
svg/svg/g_1/path/title 32.0 1.0 1.0 0.628479069672881 0.632942531770127 0.0 0.0 1.0 1.0 0.0 0.08547008547008547 0.0038554732995087146 0.4331199265670563 0.4911980220274219 0.38868002519486655 0.41343775866913385 0.17389360077176627 0.11787410448361908 0.9927088607594936 0.2337375505311842
svg/svg/g_1/path_1 2.0 1.0 0.012108712848909482 0.7454510338097465 0.7058908235632942 0.0 0.0 1.0 1.0 0.0 0.009401709401709403 0.015038130809426297 0.4331199265670563 0.42767138682850087 0.38868002519486655 0.3776651622195615 0.18018932390063513 0.23162682121870723 0.9715611814345991 0.44999294448334765
svg/svg/g_1/path_1/title_1 32.0 1.0 0.012108712848909482 0.7454510338097465 0.7058908235632942 0.0 0.0 1.0 1.0 0.0 0.09401709401709402 0.015044824339460135 0.4331199265670563 0.42766014834794336 0.38868002519486655 0.3776600995820792 0.18019183616046308 0.2316469451823231 0.9715485232067511 0.4500264791667958
svg/svg/g_1/path_2 2.0 1.0 0.035956040230534524 0.8514038262142436 0.7364789459157837 0.0 0.0 1.0 1.0 0.0 0.010256410256410256 0.041031339107618546 0.4331199265670563 0.34594515621487976 0.38868002519486655 0.3316457875059169 0.1948232373985047 0.37796828463334137 0.9224050632911392 0.6989862584614558
svg/svg/g_1/path_2/title_2 32.0 1.0 0.035956040230534524 0.8514038262142436 0.7364789459157837 0.0 0.0 1.0 1.0 0.0 0.10256410256410256 0.041024645577584715 0.4331199265670563 0.3459496516071028 0.38868002519486655 0.33164831882465806 0.1948207251386768 0.377960235047895 0.9224177215189874 0.6989804810713334
svg/svg/g_1/path_3 2.0 1.0 0.056164538365917054 0.9271657145180638 0.7717710870843483 0.0 0.0 1.0 1.0 0.0 0.011111111111111112 0.09605215598602394 0.4331199265670563 0.242438750280962 0.38868002519486655 0.27336217349152386 0.22579940107725707 0.5633099895355389 0.8183544303797468 0.9303457835767711
svg/svg/g_1/path_3/title_3 32.0 1.0 0.056164538365917054 0.9271657145180638 0.7717710870843483 0.0 0.0 1.0 1.0 0.0 0.1111111111111111 0.09606108069273575 0.4331199265670563 0.24244998876151944 0.38868002519486655 0.27336723612900615 0.22580442559691297 0.5632898655719231 0.818337552742616 0.9302944648600412
svg/svg/g_1/path_4 2.0 1.0 0.07606226692281613 0.9669424848028951 0.814119256477026 0.0 0.0 1.0 1.0 0.0 0.011965811965811965 0.20401879543233511 0.4331199265670563 0.12364801078894133 0.38868002519486655 0.20647207575730728 0.2865835276147601 0.7760202849553248 0.6141772151898734 0.9805148965001539
svg/svg/g_1/path_4/title_4 32.0 1.0 0.07606226692281613 0.9669424848028951 0.814119256477026 0.0 0.0 1.0 1.0 0.0 0.11965811965811966 0.20401879543233511 0.4331199265670563 0.12364801078894133 0.38868002519486655 0.20647207575730728 0.2865835276147601 0.7760202849553248 0.6141772151898734 0.9805148965001539
svg/svg/g_1/path_5 2.0 1.0 0.09497400836252684 0.9884827291764084 0.8588314353257414 0.0 0.0 1.0 1.0 0.0 0.01282051282051282 0.38104035306139755 0.4331199265670563 0.025693414250393374 0.38868002519486655 0.15131464038820305 0.386244874989951 0.9514207518312806 0.2794092827004219 0.5967955560444281
svg/svg/g_1/path_5/title_5 32.0 1.0 0.09497400836252684 0.9884827291764084 0.8588314353257414 0.0 0.0 1.0 1.0 0.0 0.1282051282051282 0.38103589070804167 0.4331199265670563 0.02568442346594739 0.38868002519486655 0.1513095777507208 0.3862423627301231 0.9514368510021733 0.2794177215189873 0.5968208926435684
svg/svg/g_1/path_6 2.0 1.0 0.11207198553508871 1.0 0.9105876423505694 0.0 0.0 1.0 1.0 0.0 0.013675213675213675 0.5555629928111488 0.48921453638500373 2.2476961114964596e-06 0.38868002519486655 0.13684815378267617 0.5148977007798055 0.9974241326571681 0.05147679324894514 0.19356658238777788
svg/svg/g_1/path_6/title_6 32.0 1.0 0.11207198553508871 1.0 0.9105876423505694 0.0 0.0 1.0 1.0 0.0 0.13675213675213677 0.5555629928111488 0.4892238082213373 0.0 0.38868002519486655 0.13684815378267617 0.5149027252994615 0.9974281574498913 0.051493670886075954 0.19359934244908666
svg/svg/g_1/path_7 2.0 1.0 0.13221832975477454 0.996594628662045 0.9600038400153601 0.0 0.0 1.0 1.0 0.0 0.01452991452991453 0.5555629928111488 0.7320902891422161 0.07828950325915934 0.38868002519486655 0.18093106965936043 0.6465149931666533 0.8572406021089914 0.4935864978902953 0.8866663903847702
svg/svg/g_1/path_7/title_7 32.0 1.0 0.13221832975477454 0.996594628662045 0.9600038400153601 0.0 0.0 1.0 1.0 0.0 0.1452991452991453 0.5555629928111488 0.7320972430194662 0.07829175095527084 0.38868002519486655 0.18093106965936043 0.6465200176863092 0.8572365773162682 0.4935991561181435 0.8866828511052308
svg/svg/g_1/path_8 2.0 1.0 0.15276867442648887 0.9686909142659647 1.0 0.0 0.0 1.0 1.0 0.0 0.015384615384615385 0.5555629928111488 0.9088114896595846 0.24005619240278714 0.38868002519486655 0.27202057455872786 0.7422823378085055 0.5675762698221042 0.8152742616033756 0.9340691985449497
svg/svg/g_1/path_8/title_8 32.0 1.0 0.15276867442648887 0.9686909142659647 1.0 0.0 0.0 1.0 1.0 0.0 0.15384615384615385 0.5555629928111488 0.9088091717005011 0.2400606877950101 0.38868002519486655 0.272023105877469 0.7422798255486776 0.5675682202366578 0.8152700421940928 0.9340514145116678
svg/svg/g_1/path_9 2.0 1.0 0.1762911063396994 0.8969341492670828 1.0 0.0 0.0 1.0 1.0 0.0 0.016239316239316237 0.5555629928111488 1.0 0.4517442121825129 0.38868002519486655 0.3912203740782836 0.7916984886244876 0.1885212911535056 0.9812658227848101 0.369726824338421
svg/svg/g_1/path_9/title_9 32.0 1.0 0.1762911063396994 0.8969341492670828 1.0 0.0 0.0 1.0 1.0 0.0 0.1623931623931624 0.5555629928111488 0.9999884102045831 0.45175095527084735 0.38868002519486655 0.39122290539702465 0.7916934641048315 0.18850921677533608 0.9812447257383966 0.3696956135213909
svg/svg/g_1/path_10 2.0 1.0 0.19462368629223642 0.8488523390326712 0.9717638870555483 0.0 0.0 1.0 1.0 0.0 0.009401709401709403 0.5555629928111488 0.9982151715057926 0.5570262980445044 0.5133503267459255 0.5146348193018117 0.7907312685907227 0.2039362472832649 0.9780168776371307 0.39869927386920656
svg/svg/g_1/path_10/title_10 32.0 1.0 0.19462368629223642 0.8488523390326712 0.9717638870555483 0.0 0.0 1.0 1.0 0.0 0.9401709401709402 0.5555629928111488 0.9982151715057926 0.5570262980445044 0.5133527871821116 0.5146348193018117 0.7907312685907227 0.20394027207598808 0.9780168776371307 0.3987071491942897
svg/svg/g_1/path_11 2.0 1.0 0.21824499943496442 0.7260963262650701 0.9364717458869836 0.0 0.0 1.0 1.0 0.0 0.009487179487179488 0.5555629928111488 0.9010231471394069 0.5570262980445044 0.7473624124084718 0.6350116820359902 0.7380617412975319 0.586734283184416 0.8010970464135022 0.9497884442385671
svg/svg/g_1/path_11/title_11 32.0 1.0 0.21824499943496442 0.7260963262650701 0.9364717458869836 0.0 0.0 1.0 1.0 0.0 0.9487179487179487 0.5555629928111488 0.9010324189757403 0.5570262980445044 0.7473624124084718 0.6350116820359902 0.7380667658171879 0.586734283184416 0.801113924050633 0.949807261101368
svg/svg/g_1/path_12 2.0 1.0 0.2628630353712284 0.5796755240205745 0.9153036612146449 0.0 0.0 1.0 1.0 0.0 0.009572649572649574 0.5555629928111488 0.7172089918268763 0.5570262980445044 0.9219795685379103 0.7248355275647953 0.6384506391189003 0.8723738227481285 0.46649789029535865 0.8574060073496148
svg/svg/g_1/path_12/title_12 32.0 1.0 0.2628630353712284 0.5796755240205745 0.9153036612146449 0.0 0.0 1.0 1.0 0.0 0.9572649572649573 0.5555629928111488 0.7172043559087096 0.5570262980445044 0.9219795685379103 0.7248355275647953 0.6384481268590723 0.8723738227481285 0.46648945147679327 0.8573920318751845
svg/svg/g_1/path_13 2.0 1.0 0.3421036275285343 0.42678959887775225 0.8917715670862683 0.0 0.0 1.0 1.0 0.0 0.009658119658119657 0.5555629928111488 0.47113445553459093 0.5570262980445044 1.0 0.7649695862053253 0.5050998874507597 1.0 0.01856540084388185 0.13151612143596353
svg/svg/g_1/path_13/title_13 32.0 1.0 0.3421036275285343 0.42678959887775225 0.8917715670862683 0.0 0.0 1.0 1.0 0.0 0.9658119658119658 0.5555629928111488 0.4711251836982574 0.5570262980445044 1.0 0.7649695862053253 0.5050948629311038 1.0 0.018548523206751058 0.13148403916902668
svg/svg/g_1/path_14 2.0 1.0 0.41797095717030175 0.4240348059446602 0.7882351529406119 0.0 0.0 1.0 1.0 0.0 0.009743589743589742 0.3608928276594511 0.4331199265670563 0.5570262980445044 0.9624783481615621 0.7456682808042505 0.37490202186670957 0.938621910971585 0.31751054852320676 0.6567366886349505
svg/svg/g_1/path_14/title_14 32.0 1.0 0.41797095717030175 0.4240348059446602 0.7882351529406119 0.0 0.0 1.0 1.0 0.0 0.9743589743589743 0.3608861341294172 0.4331199265670563 0.5570262980445044 0.9624832690339342 0.7456708121229916 0.3748969973470536 0.9386299605570312 0.31752320675105483 0.6567648977911907
svg/svg/g_1/path_15 2.0 1.0 0.47662447734207253 0.38747026653384026 0.6753027012108048 0.0 0.0 1.0 1.0 0.0 0.009829059829059829 0.16941324515723105 0.4331199265670563 0.5570262980445044 0.8291227068734744 0.6770695429197747 0.2671009526489268 0.7204781453755131 0.679620253164557 0.9999487781110373
svg/svg/g_1/path_15/title_15 32.0 1.0 0.47662447734207253 0.38747026653384026 0.6753027012108048 0.0 0.0 1.0 1.0 0.0 0.9829059829059829 0.1694020892738413 0.4331199265670563 0.5570262980445044 0.829132548618219 0.6770746055572572 0.26709592812927085 0.7204942445464059 0.6796413502109704 1.0
svg/svg/g_1/path_16 2.0 1.0 0.532263532602554 0.4002073718665501 0.5976503906015624 0.0 0.0 1.0 1.0 0.0 0.009914529914529914 0.042838592216763255 0.4331199265670563 0.5570262980445044 0.6245866467207306 0.5718552794449324 0.1958407026288287 0.3858971262979956 0.9189873417721519 0.7111426296252688
svg/svg/g_1/path_16/title_16 32.0 1.0 0.532263532602554 0.4002073718665501 0.5976503906015624 0.0 0.0 1.0 1.0 0.0 0.9914529914529915 0.042838592216763255 0.4331199265670563 0.5570262980445044 0.6245891071569167 0.5718578107636735 0.1958407026288287 0.3859011510907188 0.9189873417721519 0.7111500530874373
svg/svg/g_1/path_17 2.0 1.0 0.5748615662786756 0.47328562425031007 0.5811743246972988 0.0 0.0 1.0 1.0 0.0 0.01 0.0 0.4331199265670563 0.5570262980445044 0.38868002519486655 0.45050385899542084 0.17172300828040843 0.0 1.0 0.0
svg/svg/g_1/path_17/title_17 32.0 1.0 0.5748615662786756 0.47328562425031007 0.5811743246972988 0.0 0.0 1.0 1.0 0.0 1.0 0.0 0.4331199265670563 0.5570262980445044 0.38868002519486655 0.45050385899542084 0.17172300828040843 0.0 1.0 0.0
