svg/svg/g/a 24.0 1.0 0.0 0.0 0.0 0.0 0.0 0.0 1.0 0.0 0.0 0.0 0.0 0.0 0.0 0.0 0.0 0.0 0.0 0.0
svg/svg/g/a/text 9.0 1.0 0.0 0.0 0.0 0.0 0.0 0.0 1.0 0.0 0.0 1.0 1.0 0.0 0.04371584699453552 0.0223463687150838 1.0 0.18691588785046728 0.04040404040404041 0.07476635514018691
svg/svg/g/text_1 9.0 1.0 0.0 0.0 0.0 0.0 0.0 0.0 1.0 0.0 0.0002793296089385475 1.0 1.0 0.0 0.04371584699453552 0.0223463687150838 1.0 0.18691588785046728 0.04040404040404041 0.07476635514018691
svg/svg/g_1/g_2/text_2 9.0 1.0 0.0 0.0 0.0 0.0 0.0 0.0 1.0 0.0 0.027932960893854747 0.79 0.7912621359223301 0.46514285714285714 0.4885245901639344 0.4770949720670391 0.7906403940886699 0.18691588785046728 0.03367003367003367 0.06230529595015576
svg/svg/g_1/g_2/line 6.0 1.0 0.0 0.0 0.0 0.0 0.0 0.0 1.0 0.0 0.028212290502793294 0.79 0.7669902912621359 0.45485714285714285 0.44153005464480877 0.4480446927374302 0.7783251231527094 0.028037383177570093 0.0 0.0
svg/svg/g_1/g_3/text_3 9.0 1.0 0.0 0.0 0.0 0.0 0.0 0.0 1.0 0.0 0.030726256983240222 0.71 0.7135922330097088 0.4582857142857143 0.4819672131147541 0.47039106145251397 0.7118226600985221 0.18691588785046728 0.03367003367003367 0.06230529595015576
svg/svg/g_1/g_3/line_1 6.0 1.0 0.0 0.0 0.0 0.0 0.0 0.0 1.0 0.0 0.03100558659217877 0.71 0.6893203883495146 0.448 0.4349726775956284 0.441340782122905 0.6995073891625616 0.028037383177570093 0.0 0.0
svg/svg/g_1/g_4/text_4 9.0 1.0 0.0 0.0 0.0 0.0 0.0 0.0 1.0 0.0 0.0335195530726257 0.63 0.6359223300970874 0.45371428571428574 0.47759562841530057 0.4659217877094972 0.6330049261083743 0.18691588785046728 0.03367003367003367 0.06230529595015576
svg/svg/g_1/g_4/line_2 6.0 1.0 0.0 0.0 0.0 0.0 0.0 0.0 1.0 0.0 0.033798882681564245 0.63 0.6116504854368932 0.44342857142857145 0.4306010928961749 0.43687150837988825 0.6206896551724138 0.028037383177570093 0.0 0.0
svg/svg/g_1/g_5/text_5 9.0 1.0 0.0 0.0 0.0 0.0 0.0 0.0 1.0 0.0 0.036312849162011177 0.55 0.558252427184466 0.42628571428571427 0.45136612021857925 0.43910614525139663 0.5541871921182266 0.18691588785046728 0.03367003367003367 0.06230529595015576
svg/svg/g_1/g_5/line_3 6.0 1.0 0.0 0.0 0.0 0.0 0.0 0.0 1.0 0.0 0.03659217877094972 0.55 0.5339805825242718 0.416 0.40437158469945356 0.4100558659217877 0.541871921182266 0.028037383177570093 0.0 0.0
svg/svg/g_1/g_6/text_6 9.0 1.0 0.0 0.0 0.0 0.0 0.0 0.0 1.0 0.0 0.03910614525139665 0.47 0.48058252427184467 0.37714285714285717 0.40437158469945356 0.39106145251396646 0.4753694581280788 0.18691588785046728 0.03367003367003367 0.06230529595015576
svg/svg/g_1/g_6/line_4 6.0 1.0 0.0 0.0 0.0 0.0 0.0 0.0 1.0 0.0 0.039385474860335196 0.47 0.4563106796116505 0.3668571428571429 0.35737704918032787 0.36201117318435755 0.4630541871921182 0.028037383177570093 0.0 0.0
svg/svg/g_1/g_7/text_7 9.0 1.0 0.0 0.0 0.0 0.0 0.0 0.0 1.0 0.0 0.04189944134078212 0.39 0.4029126213592233 0.32457142857142857 0.3540983606557377 0.3396648044692737 0.39655172413793105 0.18691588785046728 0.03367003367003367 0.06230529595015576
svg/svg/g_1/g_7/line_5 6.0 1.0 0.0 0.0 0.0 0.0 0.0 0.0 1.0 0.0 0.04217877094972067 0.39 0.3786407766990291 0.3142857142857143 0.307103825136612 0.3106145251396648 0.3842364532019704 0.028037383177570093 0.0 0.0
svg/svg/g_1/g_8/text_8 9.0 1.0 0.0 0.0 0.0 0.0 0.0 0.0 1.0 0.0 0.0446927374301676 0.31 0.32524271844660196 0.2674285714285714 0.2994535519125683 0.2837988826815642 0.31773399014778325 0.18691588785046728 0.03367003367003367 0.06230529595015576
svg/svg/g_1/g_8/line_6 6.0 1.0 0.0 0.0 0.0 0.0 0.0 0.0 1.0 0.0 0.044972067039106146 0.31 0.30097087378640774 0.2571428571428571 0.25245901639344265 0.2547486033519553 0.3054187192118227 0.028037383177570093 0.0 0.0
svg/svg/g_1/g_9/text_9 9.0 1.0 0.0 0.0 0.0 0.0 0.0 0.0 1.0 0.0 0.04748603351955307 0.23 0.24757281553398058 0.232 0.26557377049180325 0.24916201117318434 0.23891625615763548 0.18691588785046728 0.03367003367003367 0.06230529595015576
svg/svg/g_1/g_9/line_7 6.0 1.0 0.0 0.0 0.0 0.0 0.0 0.0 1.0 0.0 0.047765363128491625 0.23 0.22330097087378642 0.22171428571428572 0.2185792349726776 0.2201117318435754 0.22660098522167488 0.028037383177570093 0.0 0.0
svg/svg/g_1/g_10/text_10 9.0 1.0 0.0 0.0 0.0 0.0 0.0 0.0 1.0 0.0 0.05027932960893855 0.15 0.16990291262135923 0.10171428571428572 0.14098360655737704 0.1217877094972067 0.16009852216748768 0.18691588785046728 0.03367003367003367 0.06230529595015576
svg/svg/g_1/g_10/line_8 6.0 1.0 0.0 0.0 0.0 0.0 0.0 0.0 1.0 0.0 0.0505586592178771 0.15 0.14563106796116504 0.09142857142857143 0.09398907103825137 0.09273743016759776 0.1477832512315271 0.028037383177570093 0.0 0.0
svg/svg/g_1/path 2.0 1.0 0.0 0.0 0.0 0.0 0.0 0.0 1.0 0.0 0.005307262569832402 0.1 0.8179611650485437 0.0 0.0 0.0 0.4642857142857143 0.0 1.0 0.0
svg/svg/g_11/text_11 9.0 1.0 0.0 0.0 0.0 0.0 0.0 0.0 1.0 0.0 0.00558659217877095 0.16 0.1796116504854369 0.52 0.5409836065573771 0.5307262569832403 0.16995073891625614 0.18691588785046728 0.03367003367003367 0.06230529595015576
svg/svg/g_11/text_12 9.0 1.0 0.0 0.0 0.0 0.0 0.0 0.0 1.0 0.0 0.005865921787709497 0.16 0.1796116504854369 0.5657142857142857 0.5846994535519126 0.5754189944134078 0.16995073891625614 0.18691588785046728 0.03367003367003367 0.06230529595015576
svg/svg/g_11/g_12/text_13 9.0 1.0 0.0 0.0 0.0 0.0 0.0 0.0 1.0 0.0 0.061452513966480445 0.1225 0.14320388349514562 1.0 1.0 1.0 0.1330049261083744 0.18691588785046728 0.03367003367003367 0.06230529595015576
svg/svg/g_11/g_12/line_9 6.0 1.0 0.0 0.0 0.0 0.0 0.0 0.0 1.0 0.0 0.061731843575419 0.1 0.11165048543689321 1.0 0.9562841530054644 0.9776536312849162 0.10591133004926108 0.0 0.020202020202020204 0.0
svg/svg/g_11/g_13/text_14 9.0 1.0 0.0 0.0 0.0 0.0 0.0 0.0 1.0 0.0 0.06424581005586592 0.1225 0.14320388349514562 0.9428571428571428 0.9453551912568307 0.9441340782122905 0.1330049261083744 0.18691588785046728 0.03367003367003367 0.06230529595015576
svg/svg/g_11/g_13/line_10 6.0 1.0 0.0 0.0 0.0 0.0 0.0 0.0 1.0 0.0 0.06452513966480447 0.1 0.11165048543689321 0.9428571428571428 0.9016393442622951 0.9217877094972067 0.10591133004926108 0.0 0.020202020202020204 0.0
svg/svg/g_11/g_14/text_15 9.0 1.0 0.0 0.0 0.0 0.0 0.0 0.0 1.0 0.0 0.0670391061452514 0.1225 0.14320388349514562 0.8857142857142857 0.8907103825136612 0.888268156424581 0.1330049261083744 0.18691588785046728 0.03367003367003367 0.06230529595015576
svg/svg/g_11/g_14/line_11 6.0 1.0 0.0 0.0 0.0 0.0 0.0 0.0 1.0 0.0 0.06731843575418994 0.1 0.11165048543689321 0.8857142857142857 0.8469945355191257 0.8659217877094972 0.10591133004926108 0.0 0.020202020202020204 0.0
svg/svg/g_11/g_15/text_16 9.0 1.0 0.0 0.0 0.0 0.0 0.0 0.0 1.0 0.0 0.06983240223463687 0.1225 0.14320388349514562 0.8285714285714286 0.8360655737704918 0.8324022346368715 0.1330049261083744 0.18691588785046728 0.03367003367003367 0.06230529595015576
svg/svg/g_11/g_15/line_12 6.0 1.0 0.0 0.0 0.0 0.0 0.0 0.0 1.0 0.0 0.07011173184357543 0.1 0.11165048543689321 0.8285714285714286 0.7923497267759563 0.8100558659217877 0.10591133004926108 0.0 0.020202020202020204 0.0
svg/svg/g_11/g_16/text_17 9.0 1.0 0.0 0.0 0.0 0.0 0.0 0.0 1.0 0.0 0.07262569832402235 0.1225 0.14320388349514562 0.7714285714285715 0.7814207650273224 0.776536312849162 0.1330049261083744 0.18691588785046728 0.03367003367003367 0.06230529595015576
svg/svg/g_11/g_16/line_13 6.0 1.0 0.0 0.0 0.0 0.0 0.0 0.0 1.0 0.0 0.0729050279329609 0.1 0.11165048543689321 0.7714285714285715 0.7377049180327869 0.7541899441340782 0.10591133004926108 0.0 0.020202020202020204 0.0
svg/svg/g_11/g_17/text_18 9.0 1.0 0.0 0.0 0.0 0.0 0.0 0.0 1.0 0.0 0.07541899441340782 0.1225 0.14320388349514562 0.7142857142857143 0.726775956284153 0.7206703910614525 0.1330049261083744 0.18691588785046728 0.03367003367003367 0.06230529595015576
svg/svg/g_11/g_17/line_14 6.0 1.0 0.0 0.0 0.0 0.0 0.0 0.0 1.0 0.0 0.07569832402234637 0.1 0.11165048543689321 0.7142857142857143 0.6830601092896175 0.6983240223463687 0.10591133004926108 0.0 0.020202020202020204 0.0
svg/svg/g_11/g_18/text_19 9.0 1.0 0.0 0.0 0.0 0.0 0.0 0.0 1.0 0.0 0.0782122905027933 0.1225 0.14320388349514562 0.6571428571428571 0.6721311475409836 0.664804469273743 0.1330049261083744 0.18691588785046728 0.03367003367003367 0.06230529595015576
svg/svg/g_11/g_18/line_15 6.0 1.0 0.0 0.0 0.0 0.0 0.0 0.0 1.0 0.0 0.07849162011173184 0.1 0.11165048543689321 0.6571428571428571 0.6284153005464481 0.6424581005586593 0.10591133004926108 0.0 0.020202020202020204 0.0
svg/svg/g_11/g_19/text_20 9.0 1.0 0.0 0.0 0.0 0.0 0.0 0.0 1.0 0.0 0.08100558659217877 0.1225 0.14320388349514562 0.6 0.6174863387978142 0.6089385474860335 0.1330049261083744 0.18691588785046728 0.03367003367003367 0.06230529595015576
svg/svg/g_11/g_19/line_16 6.0 1.0 0.0 0.0 0.0 0.0 0.0 0.0 1.0 0.0 0.08128491620111732 0.1 0.11165048543689321 0.6 0.5737704918032787 0.5865921787709497 0.10591133004926108 0.0 0.020202020202020204 0.0
svg/svg/g_11/g_20/text_21 9.0 1.0 0.0 0.0 0.0 0.0 0.0 0.0 1.0 0.0 0.5865921787709497 0.1225 0.14320388349514562 0.5428571428571428 0.5628415300546448 0.553072625698324 0.1330049261083744 0.18691588785046728 0.03367003367003367 0.06230529595015576
svg/svg/g_11/g_20/line_17 6.0 1.0 0.0 0.0 0.0 0.0 0.0 0.0 1.0 0.0 0.5868715083798882 0.1 0.11165048543689321 0.5428571428571428 0.5191256830601093 0.5307262569832403 0.10591133004926108 0.0 0.020202020202020204 0.0
svg/svg/g_11/g_21/text_22 9.0 1.0 0.0 0.0 0.0 0.0 0.0 0.0 1.0 0.0 0.5893854748603352 0.1225 0.14320388349514562 0.4857142857142857 0.5081967213114754 0.4972067039106145 0.1330049261083744 0.18691588785046728 0.03367003367003367 0.06230529595015576
svg/svg/g_11/g_21/line_18 6.0 1.0 0.0 0.0 0.0 0.0 0.0 0.0 1.0 0.0 0.5896648044692737 0.1 0.11165048543689321 0.4857142857142857 0.4644808743169399 0.4748603351955307 0.10591133004926108 0.0 0.020202020202020204 0.0
svg/svg/g_11/g_22/text_23 9.0 1.0 0.0 0.0 0.0 0.0 0.0 0.0 1.0 0.0 0.5921787709497207 0.1225 0.14320388349514562 0.42857142857142855 0.453551912568306 0.441340782122905 0.1330049261083744 0.18691588785046728 0.03367003367003367 0.06230529595015576
svg/svg/g_11/g_22/line_19 6.0 1.0 0.0 0.0 0.0 0.0 0.0 0.0 1.0 0.0 0.5924581005586592 0.1 0.11165048543689321 0.42857142857142855 0.4098360655737705 0.41899441340782123 0.10591133004926108 0.0 0.020202020202020204 0.0
svg/svg/g_11/g_23/text_24 9.0 1.0 0.0 0.0 0.0 0.0 0.0 0.0 1.0 0.0 0.5949720670391061 0.1225 0.14320388349514562 0.37142857142857144 0.3989071038251366 0.3854748603351955 0.1330049261083744 0.18691588785046728 0.03367003367003367 0.06230529595015576
svg/svg/g_11/g_23/line_20 6.0 1.0 0.0 0.0 0.0 0.0 0.0 0.0 1.0 0.0 0.5952513966480447 0.1 0.11165048543689321 0.37142857142857144 0.3551912568306011 0.36312849162011174 0.10591133004926108 0.0 0.020202020202020204 0.0
svg/svg/g_11/g_24/text_25 9.0 1.0 0.0 0.0 0.0 0.0 0.0 0.0 1.0 0.0 0.5977653631284916 0.1225 0.14320388349514562 0.3142857142857143 0.3442622950819672 0.329608938547486 0.1330049261083744 0.18691588785046728 0.03367003367003367 0.06230529595015576
svg/svg/g_11/g_24/line_21 6.0 1.0 0.0 0.0 0.0 0.0 0.0 0.0 1.0 0.0 0.5980446927374301 0.1 0.11165048543689321 0.3142857142857143 0.3005464480874317 0.30726256983240224 0.10591133004926108 0.0 0.020202020202020204 0.0
svg/svg/g_11/g_25/text_26 9.0 1.0 0.0 0.0 0.0 0.0 0.0 0.0 1.0 0.0 0.6005586592178771 0.1225 0.14320388349514562 0.2571428571428571 0.2896174863387978 0.2737430167597765 0.1330049261083744 0.18691588785046728 0.03367003367003367 0.06230529595015576
svg/svg/g_11/g_25/line_22 6.0 1.0 0.0 0.0 0.0 0.0 0.0 0.0 1.0 0.0 0.6008379888268156 0.1 0.11165048543689321 0.2571428571428571 0.2459016393442623 0.25139664804469275 0.10591133004926108 0.0 0.020202020202020204 0.0
svg/svg/g_11/g_26/text_27 9.0 1.0 0.0 0.0 0.0 0.0 0.0 0.0 1.0 0.0 0.6033519553072626 0.1225 0.14320388349514562 0.2 0.23497267759562843 0.21787709497206703 0.1330049261083744 0.18691588785046728 0.03367003367003367 0.06230529595015576
svg/svg/g_11/g_26/line_23 6.0 1.0 0.0 0.0 0.0 0.0 0.0 0.0 1.0 0.0 0.6036312849162011 0.1 0.11165048543689321 0.2 0.1912568306010929 0.19553072625698323 0.10591133004926108 0.0 0.020202020202020204 0.0
svg/svg/g_11/g_27/text_28 9.0 1.0 0.0 0.0 0.0 0.0 0.0 0.0 1.0 0.0 0.6061452513966481 0.1225 0.14320388349514562 0.14285714285714285 0.18032786885245902 0.16201117318435754 0.1330049261083744 0.18691588785046728 0.03367003367003367 0.06230529595015576
svg/svg/g_11/g_27/line_24 6.0 1.0 0.0 0.0 0.0 0.0 0.0 0.0 1.0 0.0 0.6064245810055866 0.1 0.11165048543689321 0.14285714285714285 0.1366120218579235 0.13966480446927373 0.10591133004926108 0.0 0.020202020202020204 0.0
svg/svg/g_28/g_29/rect 3.0 1.0 0.574326600518054 0.5917021904345261 0.6020194494045708 0.0 0.0 0.0 1.0 0.0 0.08379888268156424 0.6725 0.7257281553398058 0.8765714285714286 0.9748633879781421 0.9268156424581006 0.6995073891625616 0.5841121495327103 0.10101010101010101 0.5841121495327103
svg/svg/g_28/g_29/rect/title 32.0 1.0 0.574326600518054 0.5917021904345261 0.6020194494045708 0.0 0.0 0.0 1.0 0.0 0.8379888268156425 0.6725 0.7257281553398058 0.8765714285714286 0.9748633879781421 0.9268156424581006 0.6995073891625616 0.5841121495327103 0.10101010101010101 0.5841121495327103
svg/svg/g_28/g_29/rect_1 3.0 1.0 0.574326600518054 0.5917021904345261 0.6020194494045708 0.0 0.0 0.0 1.0 0.0 0.0840782122905028 0.4325 0.49271844660194175 0.8068571428571428 0.8972677595628415 0.853072625698324 0.4630541871921182 0.5373831775700935 0.10101010101010101 0.5373831775700935
svg/svg/g_28/g_29/rect_1/title_1 32.0 1.0 0.574326600518054 0.5917021904345261 0.6020194494045708 0.0 0.0 0.0 1.0 0.0 0.840782122905028 0.4325 0.49271844660194175 0.8068571428571428 0.8972677595628415 0.853072625698324 0.4630541871921182 0.5373831775700935 0.10101010101010101 0.5373831775700935
svg/svg/g_28/g_29/rect_2 3.0 1.0 0.574326600518054 0.5917021904345261 0.6020194494045708 0.0 0.0 0.0 1.0 0.0 0.08435754189944134 0.7525 0.8033980582524272 0.8502857142857143 0.9814207650273225 0.9173184357541899 0.7783251231527094 0.719626168224299 0.10101010101010101 0.719626168224299
svg/svg/g_28/g_29/rect_2/title_2 32.0 1.0 0.574326600518054 0.5917021904345261 0.6020194494045708 0.0 0.0 0.0 1.0 0.0 0.8435754189944135 0.7525 0.8033980582524272 0.8502857142857143 0.9814207650273225 0.9173184357541899 0.7783251231527094 0.719626168224299 0.10101010101010101 0.719626168224299
svg/svg/g_28/g_29/rect_3 3.0 1.0 0.574326600518054 0.5917021904345261 0.6020194494045708 0.0 0.0 0.0 1.0 0.0 0.0846368715083799 0.3525 0.41504854368932037 0.7714285714285715 0.8469945355191257 0.8100558659217877 0.3842364532019704 0.4672897196261682 0.10101010101010101 0.4672897196261682
svg/svg/g_28/g_29/rect_3/title_3 32.0 1.0 0.574326600518054 0.5917021904345261 0.6020194494045708 0.0 0.0 0.0 1.0 0.0 0.8463687150837989 0.3525 0.41504854368932037 0.7714285714285715 0.8469945355191257 0.8100558659217877 0.3842364532019704 0.4672897196261682 0.10101010101010101 0.4672897196261682
svg/svg/g_28/g_29/rect_4 3.0 1.0 0.574326600518054 0.5917021904345261 0.6020194494045708 0.0 0.0 0.0 1.0 0.0 0.08491620111731843 0.1925 0.25970873786407767 0.5428571428571428 0.5191256830601093 0.5307262569832403 0.22660098522167488 0.0 0.10101010101010101 0.0
svg/svg/g_28/g_29/rect_4/title_4 32.0 1.0 0.574326600518054 0.5917021904345261 0.6020194494045708 0.0 0.0 0.0 1.0 0.0 0.8491620111731844 0.1925 0.25970873786407767 0.5428571428571428 0.5191256830601093 0.5307262569832403 0.22660098522167488 0.0 0.10101010101010101 0.0
svg/svg/g_28/g_29/rect_5 3.0 1.0 0.574326600518054 0.5917021904345261 0.6020194494045708 0.0 0.0 0.0 1.0 0.0 0.08519553072625698 0.5125 0.5703883495145631 0.8388571428571429 0.9442622950819672 0.8927374301675978 0.541871921182266 0.6074766355140186 0.10101010101010101 0.6074766355140186
svg/svg/g_28/g_29/rect_5/title_5 32.0 1.0 0.574326600518054 0.5917021904345261 0.6020194494045708 0.0 0.0 0.0 1.0 0.0 0.8519553072625698 0.5125 0.5703883495145631 0.8388571428571429 0.9442622950819672 0.8927374301675978 0.541871921182266 0.6074766355140186 0.10101010101010101 0.6074766355140186
svg/svg/g_28/g_29/rect_6 3.0 1.0 0.574326600518054 0.5917021904345261 0.6020194494045708 0.0 0.0 0.0 1.0 0.0 0.08547486033519554 0.2725 0.33737864077669905 0.7645714285714286 0.7923497267759563 0.7787709497206704 0.3054187192118227 0.2616822429906542 0.10101010101010101 0.2616822429906542
svg/svg/g_28/g_29/rect_6/title_6 32.0 1.0 0.574326600518054 0.5917021904345261 0.6020194494045708 0.0 0.0 0.0 1.0 0.0 0.8547486033519553 0.2725 0.33737864077669905 0.7645714285714286 0.7923497267759563 0.7787709497206704 0.3054187192118227 0.2616822429906542 0.10101010101010101 0.2616822429906542
svg/svg/g_28/g_29/rect_7 3.0 1.0 0.574326600518054 0.5917021904345261 0.6020194494045708 0.0 0.0 0.0 1.0 0.0 0.08575418994413407 0.5925 0.6480582524271845 0.9428571428571428 0.9693989071038251 0.9564245810055866 0.6206896551724138 0.2897196261682243 0.10101010101010101 0.2897196261682243
svg/svg/g_28/g_29/rect_7/title_7 32.0 1.0 0.574326600518054 0.5917021904345261 0.6020194494045708 0.0 0.0 0.0 1.0 0.0 0.8575418994413407 0.5925 0.6480582524271845 0.9428571428571428 0.9693989071038251 0.9564245810055866 0.6206896551724138 0.2897196261682243 0.10101010101010101 0.2897196261682243
svg/svg/g_28/g_29/rect_8 3.0 1.0 0.574326600518054 0.5917021904345261 0.6020194494045708 0.0 0.0 0.0 1.0 0.0 0.08603351955307263 0.1125 0.1820388349514563 0.64 0.6338797814207651 0.6368715083798883 0.1477832512315271 0.09345794392523364 0.10101010101010101 0.09345794392523364
svg/svg/g_28/g_29/rect_8/title_8 32.0 1.0 0.574326600518054 0.5917021904345261 0.6020194494045708 0.0 0.0 0.0 1.0 0.0 0.8603351955307262 0.1125 0.1820388349514563 0.64 0.6338797814207651 0.6368715083798883 0.1477832512315271 0.09345794392523364 0.10101010101010101 0.09345794392523364
svg/svg/g_28/g_30/rect_9 3.0 1.0 0.326642981500092 0.44382496871534527 0.909317472348188 0.0 0.0 0.0 1.0 0.0 0.08659217877094973 0.6725 0.7257281553398058 0.6857142857142857 0.8382513661202186 0.7636871508379889 0.6995073891625616 0.780373831775701 0.10101010101010101 0.780373831775701
svg/svg/g_28/g_30/rect_9/title_9 32.0 1.0 0.326642981500092 0.44382496871534527 0.909317472348188 0.0 0.0 0.0 1.0 0.0 0.8659217877094972 0.6725 0.7257281553398058 0.6857142857142857 0.8382513661202186 0.7636871508379889 0.6995073891625616 0.780373831775701 0.10101010101010101 0.780373831775701
svg/svg/g_28/g_30/rect_10 3.0 1.0 0.326642981500092 0.44382496871534527 0.909317472348188 0.0 0.0 0.0 1.0 0.0 0.08687150837988827 0.4325 0.49271844660194175 0.6308571428571429 0.7715846994535519 0.7027932960893855 0.4630541871921182 0.719626168224299 0.10101010101010101 0.719626168224299
svg/svg/g_28/g_30/rect_10/title_10 32.0 1.0 0.326642981500092 0.44382496871534527 0.909317472348188 0.0 0.0 0.0 1.0 0.0 0.8687150837988827 0.4325 0.49271844660194175 0.6308571428571429 0.7715846994535519 0.7027932960893855 0.4630541871921182 0.719626168224299 0.10101010101010101 0.719626168224299
svg/svg/g_28/g_30/rect_11 3.0 1.0 0.326642981500092 0.44382496871534527 0.909317472348188 0.0 0.0 0.0 1.0 0.0 0.08715083798882681 0.7525 0.8033980582524272 0.6742857142857143 0.8131147540983606 0.7452513966480447 0.7783251231527094 0.719626168224299 0.10101010101010101 0.719626168224299
svg/svg/g_28/g_30/rect_11/title_11 32.0 1.0 0.326642981500092 0.44382496871534527 0.909317472348188 0.0 0.0 0.0 1.0 0.0 0.8715083798882681 0.7525 0.8033980582524272 0.6742857142857143 0.8131147540983606 0.7452513966480447 0.7783251231527094 0.719626168224299 0.10101010101010101 0.719626168224299
svg/svg/g_28/g_30/rect_12 3.0 1.0 0.326642981500092 0.44382496871534527 0.909317472348188 0.0 0.0 0.0 1.0 0.0 0.08743016759776537 0.3525 0.41504854368932037 0.6948571428571428 0.7377049180327869 0.7167597765363128 0.3842364532019704 0.3130841121495327 0.10101010101010101 0.3130841121495327
svg/svg/g_28/g_30/rect_12/title_12 32.0 1.0 0.326642981500092 0.44382496871534527 0.909317472348188 0.0 0.0 0.0 1.0 0.0 0.8743016759776536 0.3525 0.41504854368932037 0.6948571428571428 0.7377049180327869 0.7167597765363128 0.3842364532019704 0.3130841121495327 0.10101010101010101 0.3130841121495327
svg/svg/g_28/g_30/rect_13 3.0 1.0 0.326642981500092 0.44382496871534527 0.909317472348188 0.0 0.0 0.0 1.0 0.0 0.0877094972067039 0.1925 0.25970873786407767 0.6148571428571429 0.7584699453551913 0.6882681564245811 0.22660098522167488 0.7289719626168224 0.10101010101010101 0.7289719626168224
svg/svg/g_28/g_30/rect_13/title_13 32.0 1.0 0.326642981500092 0.44382496871534527 0.909317472348188 0.0 0.0 0.0 1.0 0.0 0.8770949720670391 0.1925 0.25970873786407767 0.6148571428571429 0.7584699453551913 0.6882681564245811 0.22660098522167488 0.7289719626168224 0.10101010101010101 0.7289719626168224
svg/svg/g_28/g_30/rect_14 3.0 1.0 0.326642981500092 0.44382496871534527 0.909317472348188 0.0 0.0 0.0 1.0 0.0 0.08798882681564246 0.5125 0.5703883495145631 0.6914285714285714 0.8021857923497268 0.7480446927374301 0.541871921182266 0.602803738317757 0.10101010101010101 0.602803738317757
svg/svg/g_28/g_30/rect_14/title_14 32.0 1.0 0.326642981500092 0.44382496871534527 0.909317472348188 0.0 0.0 0.0 1.0 0.0 0.8798882681564246 0.5125 0.5703883495145631 0.6914285714285714 0.8021857923497268 0.7480446927374301 0.541871921182266 0.602803738317757 0.10101010101010101 0.602803738317757
svg/svg/g_28/g_30/rect_15 3.0 1.0 0.326642981500092 0.44382496871534527 0.909317472348188 0.0 0.0 0.0 1.0 0.0 0.08826815642458101 0.2725 0.33737864077669905 0.6228571428571429 0.7311475409836066 0.6782122905027933 0.3054187192118227 0.5794392523364486 0.10101010101010101 0.5794392523364486
svg/svg/g_28/g_30/rect_15/title_15 32.0 1.0 0.326642981500092 0.44382496871534527 0.909317472348188 0.0 0.0 0.0 1.0 0.0 0.88268156424581 0.2725 0.33737864077669905 0.6228571428571429 0.7311475409836066 0.6782122905027933 0.3054187192118227 0.5794392523364486 0.10101010101010101 0.5794392523364486
svg/svg/g_28/g_30/rect_16 3.0 1.0 0.326642981500092 0.44382496871534527 0.909317472348188 0.0 0.0 0.0 1.0 0.0 0.08854748603351956 0.5925 0.6480582524271845 0.7577142857142857 0.9016393442622951 0.8312849162011173 0.6206896551724138 0.7570093457943925 0.10101010101010101 0.7570093457943925
svg/svg/g_28/g_30/rect_16/title_16 32.0 1.0 0.326642981500092 0.44382496871534527 0.909317472348188 0.0 0.0 0.0 1.0 0.0 0.8854748603351955 0.5925 0.6480582524271845 0.7577142857142857 0.9016393442622951 0.8312849162011173 0.6206896551724138 0.7570093457943925 0.10101010101010101 0.7570093457943925
svg/svg/g_28/g_30/rect_17 3.0 1.0 0.326642981500092 0.44382496871534527 0.909317472348188 0.0 0.0 0.0 1.0 0.0 0.0888268156424581 0.1125 0.1820388349514563 0.6091428571428571 0.6120218579234973 0.6106145251396649 0.1477832512315271 0.1261682242990654 0.10101010101010101 0.1261682242990654
svg/svg/g_28/g_30/rect_17/title_17 32.0 1.0 0.326642981500092 0.44382496871534527 0.909317472348188 0.0 0.0 0.0 1.0 0.0 0.888268156424581 0.1125 0.1820388349514563 0.6091428571428571 0.6120218579234973 0.6106145251396649 0.1477832512315271 0.1261682242990654 0.10101010101010101 0.1261682242990654
svg/svg/g_28/g_31/rect_18 3.0 1.0 0.19724836869594758 0.8373197953017062 1.0 0.0 0.0 0.0 1.0 0.0 0.0893854748603352 0.6725 0.7257281553398058 0.5428571428571428 0.6557377049180327 0.6005586592178771 0.6995073891625616 0.5841121495327103 0.10101010101010101 0.5841121495327103
svg/svg/g_28/g_31/rect_18/title_18 32.0 1.0 0.19724836869594758 0.8373197953017062 1.0 0.0 0.0 0.0 1.0 0.0 0.8938547486033519 0.6725 0.7257281553398058 0.5428571428571428 0.6557377049180327 0.6005586592178771 0.6995073891625616 0.5841121495327103 0.10101010101010101 0.5841121495327103
svg/svg/g_28/g_31/rect_19 3.0 1.0 0.19724836869594758 0.8373197953017062 1.0 0.0 0.0 0.0 1.0 0.0 0.08966480446927375 0.4325 0.49271844660194175 0.5428571428571428 0.6032786885245902 0.5737430167597766 0.4630541871921182 0.3598130841121495 0.10101010101010101 0.3598130841121495
svg/svg/g_28/g_31/rect_19/title_19 32.0 1.0 0.19724836869594758 0.8373197953017062 1.0 0.0 0.0 0.0 1.0 0.0 0.8966480446927374 0.4325 0.49271844660194175 0.5428571428571428 0.6032786885245902 0.5737430167597766 0.4630541871921182 0.3598130841121495 0.10101010101010101 0.3598130841121495
svg/svg/g_28/g_31/rect_20 3.0 1.0 0.19724836869594758 0.8373197953017062 1.0 0.0 0.0 0.0 1.0 0.0 0.08994413407821229 0.7525 0.8033980582524272 0.5428571428571428 0.644808743169399 0.5949720670391061 0.7783251231527094 0.5373831775700935 0.10101010101010101 0.5373831775700935
svg/svg/g_28/g_31/rect_20/title_20 32.0 1.0 0.19724836869594758 0.8373197953017062 1.0 0.0 0.0 0.0 1.0 0.0 0.8994413407821229 0.7525 0.8033980582524272 0.5428571428571428 0.644808743169399 0.5949720670391061 0.7783251231527094 0.5373831775700935 0.10101010101010101 0.5373831775700935
svg/svg/g_28/g_31/rect_21 3.0 1.0 0.19724836869594758 0.8373197953017062 1.0 0.0 0.0 0.0 1.0 0.0 0.09022346368715083 0.3525 0.41504854368932037 0.5428571428571428 0.6644808743169399 0.6050279329608939 0.3842364532019704 0.6214953271028038 0.10101010101010101 0.6214953271028038
svg/svg/g_28/g_31/rect_21/title_21 32.0 1.0 0.19724836869594758 0.8373197953017062 1.0 0.0 0.0 0.0 1.0 0.0 0.9022346368715084 0.3525 0.41504854368932037 0.5428571428571428 0.6644808743169399 0.6050279329608939 0.3842364532019704 0.6214953271028038 0.10101010101010101 0.6214953271028038
svg/svg/g_28/g_31/rect_22 3.0 1.0 0.19724836869594758 0.8373197953017062 1.0 0.0 0.0 0.0 1.0 0.0 0.09050279329608939 0.1925 0.25970873786407767 0.5428571428571428 0.5879781420765028 0.5659217877094972 0.22660098522167488 0.29439252336448596 0.10101010101010101 0.29439252336448596
svg/svg/g_28/g_31/rect_22/title_22 32.0 1.0 0.19724836869594758 0.8373197953017062 1.0 0.0 0.0 0.0 1.0 0.0 0.9050279329608939 0.1925 0.25970873786407767 0.5428571428571428 0.5879781420765028 0.5659217877094972 0.22660098522167488 0.29439252336448596 0.10101010101010101 0.29439252336448596
svg/svg/g_28/g_31/rect_23 3.0 1.0 0.19724836869594758 0.8373197953017062 1.0 0.0 0.0 0.0 1.0 0.0 0.09078212290502793 0.5125 0.5703883495145631 0.5428571428571428 0.6612021857923497 0.6033519553072626 0.541871921182266 0.6074766355140186 0.10101010101010101 0.6074766355140186
svg/svg/g_28/g_31/rect_23/title_23 32.0 1.0 0.19724836869594758 0.8373197953017062 1.0 0.0 0.0 0.0 1.0 0.0 0.9078212290502793 0.5125 0.5703883495145631 0.5428571428571428 0.6612021857923497 0.6033519553072626 0.541871921182266 0.6074766355140186 0.10101010101010101 0.6074766355140186
svg/svg/g_28/g_31/rect_24 3.0 1.0 0.19724836869594758 0.8373197953017062 1.0 0.0 0.0 0.0 1.0 0.0 0.09106145251396648 0.2725 0.33737864077669905 0.5428571428571428 0.5956284153005464 0.5698324022346368 0.3054187192118227 0.32710280373831774 0.10101010101010101 0.32710280373831774
svg/svg/g_28/g_31/rect_24/title_24 32.0 1.0 0.19724836869594758 0.8373197953017062 1.0 0.0 0.0 0.0 1.0 0.0 0.9106145251396648 0.2725 0.33737864077669905 0.5428571428571428 0.5956284153005464 0.5698324022346368 0.3054187192118227 0.32710280373831774 0.10101010101010101 0.32710280373831774
svg/svg/g_28/g_31/rect_25 3.0 1.0 0.19724836869594758 0.8373197953017062 1.0 0.0 0.0 0.0 1.0 0.0 0.09134078212290504 0.5925 0.6480582524271845 0.5428571428571428 0.7245901639344262 0.6357541899441341 0.6206896551724138 0.8785046728971962 0.10101010101010101 0.8785046728971962
svg/svg/g_28/g_31/rect_25/title_25 32.0 1.0 0.19724836869594758 0.8373197953017062 1.0 0.0 0.0 0.0 1.0 0.0 0.9134078212290503 0.5925 0.6480582524271845 0.5428571428571428 0.7245901639344262 0.6357541899441341 0.6206896551724138 0.8785046728971962 0.10101010101010101 0.8785046728971962
svg/svg/g_28/g_31/rect_26 3.0 1.0 0.19724836869594758 0.8373197953017062 1.0 0.0 0.0 0.0 1.0 0.0 0.09162011173184356 0.1125 0.1820388349514563 0.5428571428571428 0.5825136612021858 0.5631284916201117 0.1477832512315271 0.27102803738317754 0.10101010101010101 0.27102803738317754
svg/svg/g_28/g_31/rect_26/title_26 32.0 1.0 0.19724836869594758 0.8373197953017062 1.0 0.0 0.0 0.0 1.0 0.0 0.9162011173184358 0.1125 0.1820388349514563 0.5428571428571428 0.5825136612021858 0.5631284916201117 0.1477832512315271 0.27102803738317754 0.10101010101010101 0.27102803738317754
svg/svg/g_28/g_32/rect_27 3.0 1.0 1.0 0.6537221108748512 0.6927019770563827 0.0 0.0 0.0 1.0 0.0 0.09217877094972067 0.6725 0.7257281553398058 0.5428571428571428 0.5191256830601093 0.5307262569832403 0.6995073891625616 0.0 0.10101010101010101 0.0
svg/svg/g_28/g_32/rect_27/title_27 32.0 1.0 1.0 0.6537221108748512 0.6927019770563827 0.0 0.0 0.0 1.0 0.0 0.9217877094972067 0.6725 0.7257281553398058 0.5428571428571428 0.5191256830601093 0.5307262569832403 0.6995073891625616 0.0 0.10101010101010101 0.0
svg/svg/g_28/g_32/rect_28 3.0 1.0 1.0 0.6537221108748512 0.6927019770563827 0.0 0.0 0.0 1.0 0.0 0.09245810055865922 0.4325 0.49271844660194175 0.5428571428571428 0.5191256830601093 0.5307262569832403 0.4630541871921182 0.0 0.10101010101010101 0.0
svg/svg/g_28/g_32/rect_28/title_28 32.0 1.0 1.0 0.6537221108748512 0.6927019770563827 0.0 0.0 0.0 1.0 0.0 0.9245810055865922 0.4325 0.49271844660194175 0.5428571428571428 0.5191256830601093 0.5307262569832403 0.4630541871921182 0.0 0.10101010101010101 0.0
svg/svg/g_28/g_32/rect_29 3.0 1.0 1.0 0.6537221108748512 0.6927019770563827 0.0 0.0 0.0 1.0 0.0 0.09273743016759778 0.7525 0.8033980582524272 0.5428571428571428 0.5191256830601093 0.5307262569832403 0.7783251231527094 0.0 0.10101010101010101 0.0
svg/svg/g_28/g_32/rect_29/title_29 32.0 1.0 1.0 0.6537221108748512 0.6927019770563827 0.0 0.0 0.0 1.0 0.0 0.9273743016759777 0.7525 0.8033980582524272 0.5428571428571428 0.5191256830601093 0.5307262569832403 0.7783251231527094 0.0 0.10101010101010101 0.0
svg/svg/g_28/g_32/rect_30 3.0 1.0 1.0 0.6537221108748512 0.6927019770563827 0.0 0.0 0.0 1.0 0.0 0.0930167597765363 0.3525 0.41504854368932037 0.5428571428571428 0.5191256830601093 0.5307262569832403 0.3842364532019704 0.0 0.10101010101010101 0.0
svg/svg/g_28/g_32/rect_30/title_30 32.0 1.0 1.0 0.6537221108748512 0.6927019770563827 0.0 0.0 0.0 1.0 0.0 0.9301675977653632 0.3525 0.41504854368932037 0.5428571428571428 0.5191256830601093 0.5307262569832403 0.3842364532019704 0.0 0.10101010101010101 0.0
svg/svg/g_28/g_32/rect_31 3.0 1.0 1.0 0.6537221108748512 0.6927019770563827 0.0 0.0 0.0 1.0 0.0 0.09329608938547486 0.1925 0.25970873786407767 0.5428571428571428 0.5191256830601093 0.5307262569832403 0.22660098522167488 0.0 0.10101010101010101 0.0
svg/svg/g_28/g_32/rect_31/title_31 32.0 1.0 1.0 0.6537221108748512 0.6927019770563827 0.0 0.0 0.0 1.0 0.0 0.9329608938547486 0.1925 0.25970873786407767 0.5428571428571428 0.5191256830601093 0.5307262569832403 0.22660098522167488 0.0 0.10101010101010101 0.0
svg/svg/g_28/g_32/rect_32 3.0 1.0 1.0 0.6537221108748512 0.6927019770563827 0.0 0.0 0.0 1.0 0.0 0.0935754189944134 0.5125 0.5703883495145631 0.5428571428571428 0.5191256830601093 0.5307262569832403 0.541871921182266 0.0 0.10101010101010101 0.0
svg/svg/g_28/g_32/rect_32/title_32 32.0 1.0 1.0 0.6537221108748512 0.6927019770563827 0.0 0.0 0.0 1.0 0.0 0.9357541899441341 0.5125 0.5703883495145631 0.5428571428571428 0.5191256830601093 0.5307262569832403 0.541871921182266 0.0 0.10101010101010101 0.0
svg/svg/g_28/g_32/rect_33 3.0 1.0 1.0 0.6537221108748512 0.6927019770563827 0.0 0.0 0.0 1.0 0.0 0.09385474860335195 0.2725 0.33737864077669905 0.2571428571428571 0.2612021857923497 0.25921787709497207 0.3054187192118227 0.06542056074766354 0.10101010101010101 0.06542056074766354
svg/svg/g_28/g_32/rect_33/title_33 32.0 1.0 1.0 0.6537221108748512 0.6927019770563827 0.0 0.0 0.0 1.0 0.0 0.9385474860335196 0.2725 0.33737864077669905 0.2571428571428571 0.2612021857923497 0.25921787709497207 0.3054187192118227 0.06542056074766354 0.10101010101010101 0.06542056074766354
svg/svg/g_28/g_32/rect_34 3.0 1.0 1.0 0.6537221108748512 0.6927019770563827 0.0 0.0 0.0 1.0 0.0 0.09413407821229051 0.5925 0.6480582524271845 0.5428571428571428 0.5191256830601093 0.5307262569832403 0.6206896551724138 0.0 0.10101010101010101 0.0
svg/svg/g_28/g_32/rect_34/title_34 32.0 1.0 1.0 0.6537221108748512 0.6927019770563827 0.0 0.0 0.0 1.0 0.0 0.9413407821229051 0.5925 0.6480582524271845 0.5428571428571428 0.5191256830601093 0.5307262569832403 0.6206896551724138 0.0 0.10101010101010101 0.0
svg/svg/g_28/g_32/rect_35 3.0 1.0 1.0 0.6537221108748512 0.6927019770563827 0.0 0.0 0.0 1.0 0.0 0.09441340782122905 0.1125 0.1820388349514563 0.09142857142857143 0.17158469945355193 0.1324022346368715 0.1477832512315271 0.3598130841121495 0.10101010101010101 0.3598130841121495
svg/svg/g_28/g_32/rect_35/title_35 32.0 1.0 1.0 0.6537221108748512 0.6927019770563827 0.0 0.0 0.0 1.0 0.0 0.9441340782122905 0.1125 0.1820388349514563 0.09142857142857143 0.17158469945355193 0.1324022346368715 0.1477832512315271 0.3598130841121495 0.10101010101010101 0.3598130841121495
svg/svg/g_28/g_33/rect_36 3.0 1.0 0.05418618805644807 0.9812699026360502 0.8589468545662423 0.0 0.0 0.0 1.0 0.0 0.09497206703910614 0.6725 0.7257281553398058 0.448 0.473224043715847 0.46089385474860334 0.6995073891625616 0.19158878504672897 0.10101010101010101 0.19158878504672897
svg/svg/g_28/g_33/rect_36/title_36 32.0 1.0 0.05418618805644807 0.9812699026360502 0.8589468545662423 0.0 0.0 0.0 1.0 0.0 0.9497206703910615 0.6725 0.7257281553398058 0.448 0.473224043715847 0.46089385474860334 0.6995073891625616 0.19158878504672897 0.10101010101010101 0.19158878504672897
svg/svg/g_28/g_33/rect_37 3.0 1.0 0.05418618805644807 0.9812699026360502 0.8589468545662423 0.0 0.0 0.0 1.0 0.0 0.0952513966480447 0.4325 0.49271844660194175 0.3668571428571429 0.39344262295081966 0.3804469273743017 0.4630541871921182 0.1822429906542056 0.10101010101010101 0.1822429906542056
svg/svg/g_28/g_33/rect_37/title_37 32.0 1.0 0.05418618805644807 0.9812699026360502 0.8589468545662423 0.0 0.0 0.0 1.0 0.0 0.952513966480447 0.4325 0.49271844660194175 0.3668571428571429 0.39344262295081966 0.3804469273743017 0.4630541871921182 0.1822429906542056 0.10101010101010101 0.1822429906542056
svg/svg/g_28/g_33/rect_38 3.0 1.0 0.05418618805644807 0.9812699026360502 0.8589468545662423 0.0 0.0 0.0 1.0 0.0 0.09553072625698325 0.7525 0.8033980582524272 0.45485714285714285 0.47759562841530057 0.4664804469273743 0.7783251231527094 0.1822429906542056 0.10101010101010101 0.1822429906542056
svg/svg/g_28/g_33/rect_38/title_38 32.0 1.0 0.05418618805644807 0.9812699026360502 0.8589468545662423 0.0 0.0 0.0 1.0 0.0 0.9553072625698324 0.7525 0.8033980582524272 0.45485714285714285 0.47759562841530057 0.4664804469273743 0.7783251231527094 0.1822429906542056 0.10101010101010101 0.1822429906542056
svg/svg/g_28/g_33/rect_39 3.0 1.0 0.05418618805644807 0.9812699026360502 0.8589468545662423 0.0 0.0 0.0 1.0 0.0 0.09581005586592178 0.3525 0.41504854368932037 0.3142857142857143 0.3377049180327869 0.32625698324022345 0.3842364532019704 0.1588785046728972 0.10101010101010101 0.1588785046728972
svg/svg/g_28/g_33/rect_39/title_39 32.0 1.0 0.05418618805644807 0.9812699026360502 0.8589468545662423 0.0 0.0 0.0 1.0 0.0 0.9581005586592178 0.3525 0.41504854368932037 0.3142857142857143 0.3377049180327869 0.32625698324022345 0.3842364532019704 0.1588785046728972 0.10101010101010101 0.1588785046728972
svg/svg/g_28/g_33/rect_40 3.0 1.0 0.05418618805644807 0.9812699026360502 0.8589468545662423 0.0 0.0 0.0 1.0 0.0 0.09608938547486033 0.1925 0.25970873786407767 0.22171428571428572 0.3825136612021858 0.3039106145251397 0.22660098522167488 0.7289719626168224 0.10101010101010101 0.7289719626168224
svg/svg/g_28/g_33/rect_40/title_40 32.0 1.0 0.05418618805644807 0.9812699026360502 0.8589468545662423 0.0 0.0 0.0 1.0 0.0 0.9608938547486033 0.1925 0.25970873786407767 0.22171428571428572 0.3825136612021858 0.3039106145251397 0.22660098522167488 0.7289719626168224 0.10101010101010101 0.7289719626168224
svg/svg/g_28/g_33/rect_41 3.0 1.0 0.05418618805644807 0.9812699026360502 0.8589468545662423 0.0 0.0 0.0 1.0 0.0 0.09636871508379888 0.5125 0.5703883495145631 0.416 0.4382513661202186 0.4273743016759777 0.541871921182266 0.17289719626168223 0.10101010101010101 0.17289719626168223
svg/svg/g_28/g_33/rect_41/title_41 32.0 1.0 0.05418618805644807 0.9812699026360502 0.8589468545662423 0.0 0.0 0.0 1.0 0.0 0.9636871508379888 0.5125 0.5703883495145631 0.416 0.4382513661202186 0.4273743016759777 0.541871921182266 0.17289719626168223 0.10101010101010101 0.17289719626168223
svg/svg/g_28/g_33/rect_42 3.0 1.0 0.05418618805644807 0.9812699026360502 0.8589468545662423 0.0 0.0 0.0 1.0 0.0 0.09664804469273744 0.2725 0.33737864077669905 0.27314285714285713 0.3377049180327869 0.30614525139664805 0.3054187192118227 0.32710280373831774 0.10101010101010101 0.32710280373831774
svg/svg/g_28/g_33/rect_42/title_42 32.0 1.0 0.05418618805644807 0.9812699026360502 0.8589468545662423 0.0 0.0 0.0 1.0 0.0 0.9664804469273743 0.2725 0.33737864077669905 0.27314285714285713 0.3377049180327869 0.30614525139664805 0.3054187192118227 0.32710280373831774 0.10101010101010101 0.32710280373831774
svg/svg/g_28/g_33/rect_43 3.0 1.0 0.05418618805644807 0.9812699026360502 0.8589468545662423 0.0 0.0 0.0 1.0 0.0 0.09692737430167599 0.5925 0.6480582524271845 0.44342857142857145 0.4644808743169399 0.4541899441340782 0.6206896551724138 0.17289719626168223 0.10101010101010101 0.17289719626168223
svg/svg/g_28/g_33/rect_43/title_43 32.0 1.0 0.05418618805644807 0.9812699026360502 0.8589468545662423 0.0 0.0 0.0 1.0 0.0 0.9692737430167597 0.5925 0.6480582524271845 0.44342857142857145 0.4644808743169399 0.4541899441340782 0.6206896551724138 0.17289719626168223 0.10101010101010101 0.17289719626168223
svg/svg/g_28/g_33/rect_44 3.0 1.0 0.05418618805644807 0.9812699026360502 0.8589468545662423 0.0 0.0 0.0 1.0 0.0 0.09720670391061452 0.1125 0.1820388349514563 0.17942857142857144 0.4054644808743169 0.29497206703910617 0.1477832512315271 1.0 0.10101010101010101 1.0
svg/svg/g_28/g_33/rect_44/title_44 32.0 1.0 0.05418618805644807 0.9812699026360502 0.8589468545662423 0.0 0.0 0.0 1.0 0.0 0.9720670391061452 0.1125 0.1820388349514563 0.17942857142857144 0.4054644808743169 0.29497206703910617 0.1477832512315271 1.0 0.10101010101010101 1.0
svg/svg/g_28/g_34/rect_45 3.0 1.0 0.1255445936955937 1.0 0.9899284457176624 0.0 0.0 0.0 1.0 0.0 0.09776536312849161 0.6725 0.7257281553398058 0.4948571428571429 0.5191256830601093 0.5072625698324023 0.6995073891625616 0.19626168224299065 0.10101010101010101 0.19626168224299065
svg/svg/g_28/g_34/rect_45/title_45 32.0 1.0 0.1255445936955937 1.0 0.9899284457176624 0.0 0.0 0.0 1.0 0.0 0.9776536312849162 0.6725 0.7257281553398058 0.4948571428571429 0.5191256830601093 0.5072625698324023 0.6995073891625616 0.19626168224299065 0.10101010101010101 0.19626168224299065
svg/svg/g_28/g_34/rect_46 3.0 1.0 0.1255445936955937 1.0 0.9899284457176624 0.0 0.0 0.0 1.0 0.0 0.09804469273743018 0.4325 0.49271844660194175 0.4114285714285714 0.5191256830601093 0.4664804469273743 0.4630541871921182 0.5373831775700935 0.10101010101010101 0.5373831775700935
svg/svg/g_28/g_34/rect_46/title_46 32.0 1.0 0.1255445936955937 1.0 0.9899284457176624 0.0 0.0 0.0 1.0 0.0 0.9804469273743017 0.4325 0.49271844660194175 0.4114285714285714 0.5191256830601093 0.4664804469273743 0.4630541871921182 0.5373831775700935 0.10101010101010101 0.5373831775700935
svg/svg/g_28/g_34/rect_47 3.0 1.0 0.1255445936955937 1.0 0.9899284457176624 0.0 0.0 0.0 1.0 0.0 0.09832402234636872 0.7525 0.8033980582524272 0.49942857142857144 0.5191256830601093 0.5094972067039106 0.7783251231527094 0.17757009345794392 0.10101010101010101 0.17757009345794392
svg/svg/g_28/g_34/rect_47/title_47 32.0 1.0 0.1255445936955937 1.0 0.9899284457176624 0.0 0.0 0.0 1.0 0.0 0.9832402234636871 0.7525 0.8033980582524272 0.49942857142857144 0.5191256830601093 0.5094972067039106 0.7783251231527094 0.17757009345794392 0.10101010101010101 0.17757009345794392
svg/svg/g_28/g_34/rect_48 3.0 1.0 0.1255445936955937 1.0 0.9899284457176624 0.0 0.0 0.0 1.0 0.0 0.09860335195530726 0.3525 0.41504854368932037 0.35314285714285715 0.5191256830601093 0.43798882681564244 0.3842364532019704 0.7757009345794392 0.10101010101010101 0.7757009345794392
svg/svg/g_28/g_34/rect_48/title_48 32.0 1.0 0.1255445936955937 1.0 0.9899284457176624 0.0 0.0 0.0 1.0 0.0 0.9860335195530726 0.3525 0.41504854368932037 0.35314285714285715 0.5191256830601093 0.43798882681564244 0.3842364532019704 0.7757009345794392 0.10101010101010101 0.7757009345794392
svg/svg/g_28/g_34/rect_49 3.0 1.0 0.1255445936955937 1.0 0.9899284457176624 0.0 0.0 0.0 1.0 0.0 0.0988826815642458 0.1925 0.25970873786407767 0.4 0.5191256830601093 0.46089385474860334 0.22660098522167488 0.5841121495327103 0.10101010101010101 0.5841121495327103
svg/svg/g_28/g_34/rect_49/title_49 32.0 1.0 0.1255445936955937 1.0 0.9899284457176624 0.0 0.0 0.0 1.0 0.0 0.9888268156424581 0.1925 0.25970873786407767 0.4 0.5191256830601093 0.46089385474860334 0.22660098522167488 0.5841121495327103 0.10101010101010101 0.5841121495327103
svg/svg/g_28/g_34/rect_50 3.0 1.0 0.1255445936955937 1.0 0.9899284457176624 0.0 0.0 0.0 1.0 0.0 0.09916201117318436 0.5125 0.5703883495145631 0.4582857142857143 0.5191256830601093 0.4893854748603352 0.541871921182266 0.34579439252336447 0.10101010101010101 0.34579439252336447
svg/svg/g_28/g_34/rect_50/title_50 32.0 1.0 0.1255445936955937 1.0 0.9899284457176624 0.0 0.0 0.0 1.0 0.0 0.9916201117318436 0.5125 0.5703883495145631 0.4582857142857143 0.5191256830601093 0.4893854748603352 0.541871921182266 0.34579439252336447 0.10101010101010101 0.34579439252336447
svg/svg/g_28/g_34/rect_51 3.0 1.0 0.1255445936955937 1.0 0.9899284457176624 0.0 0.0 0.0 1.0 0.0 0.09944134078212291 0.2725 0.33737864077669905 0.35314285714285715 0.5191256830601093 0.43798882681564244 0.3054187192118227 0.7757009345794392 0.10101010101010101 0.7757009345794392
svg/svg/g_28/g_34/rect_51/title_51 32.0 1.0 0.1255445936955937 1.0 0.9899284457176624 0.0 0.0 0.0 1.0 0.0 0.994413407821229 0.2725 0.33737864077669905 0.35314285714285715 0.5191256830601093 0.43798882681564244 0.3054187192118227 0.7757009345794392 0.10101010101010101 0.7757009345794392
svg/svg/g_28/g_34/rect_52 3.0 1.0 0.1255445936955937 1.0 0.9899284457176624 0.0 0.0 0.0 1.0 0.0 0.09972067039106146 0.5925 0.6480582524271845 0.4857142857142857 0.5191256830601093 0.5027932960893855 0.6206896551724138 0.2336448598130841 0.10101010101010101 0.2336448598130841
svg/svg/g_28/g_34/rect_52/title_52 32.0 1.0 0.1255445936955937 1.0 0.9899284457176624 0.0 0.0 0.0 1.0 0.0 0.9972067039106145 0.5925 0.6480582524271845 0.4857142857142857 0.5191256830601093 0.5027932960893855 0.6206896551724138 0.2336448598130841 0.10101010101010101 0.2336448598130841
svg/svg/g_28/g_34/rect_53 3.0 1.0 0.1255445936955937 1.0 0.9899284457176624 0.0 0.0 0.0 1.0 0.0 0.09999999999999999 0.1125 0.1820388349514563 0.424 0.5191256830601093 0.47262569832402235 0.1477832512315271 0.48598130841121495 0.10101010101010101 0.48598130841121495
svg/svg/g_28/g_34/rect_53/title_53 32.0 1.0 0.1255445936955937 1.0 0.9899284457176624 0.0 0.0 0.0 1.0 0.0 1.0 0.1125 0.1820388349514563 0.424 0.5191256830601093 0.47262569832402235 0.1477832512315271 0.48598130841121495 0.10101010101010101 0.48598130841121495
