svg/svg/g/g_1/g_2/path 2.0 1.0 0.0 0.0 0.0 0.0 0.0 0.0 0.0 0.0 0.0 0.0 0.0 0.0072254335260115606 0.0 0.0 0.0 0.0 0.0 0.0
svg/svg/g/g_1/g_2/g_3/g_4/g_5/path_1 2.0 1.0 0.0 0.0 0.0 0.0 0.0 0.0 0.0 0.0 9.081818429265534e-09 0.0 0.0 0.0072254335260115606 0.0 0.0 0.0 0.0 0.0 0.0
svg/svg/g/g_1/g_2/g_3/g_4/g_5/g_6/g_7/text 9.0 1.0 0.0 0.0 0.0 0.0 0.0 0.0 0.0 0.0 9.0909002476948e-07 0.05917159763313609 0.06611570247933884 0.5173410404624278 0.5246995994659546 0.5275813295615276 0.06646058732612056 0.0534045393858478 0.05 0.0026702269692923898
svg/svg/g/g_1/g_2/g_3/g_4/g_5/path_2 2.0 1.0 0.0 0.0 0.0 0.0 0.0 0.0 0.0 0.0 9.099982066124067e-09 0.0 0.0 0.0072254335260115606 0.0 0.0 0.0 0.0 0.0 0.0
svg/svg/g/g_1/g_2/g_3/g_8/g_9/path_3 2.0 1.0 0.0 0.0 0.0 0.0 0.0 0.0 0.0 0.0 9.990000272192088e-09 0.0 0.0 0.0072254335260115606 0.0 0.0 0.0 0.0 0.0 0.0
svg/svg/g/g_1/g_2/g_3/g_8/g_9/g_10/g_11/text_1 9.0 1.0 0.0 0.0 0.0 0.0 0.0 0.0 0.0 0.0 9.999082090621353e-07 0.126232741617357 0.10153482880755609 0.976878612716763 0.9492656875834445 0.9773691654879774 0.11591962905718702 0.0534045393858478 0.04230769230769231 0.0022594228201704837
svg/svg/g/g_1/g_2/g_3/g_8/g_9/g_10/g_12/g_13/path_4 2.0 1.0 0.0 0.0 0.0 0.0 0.0 0.0 0.0 0.0 9.99999027246428e-06 0.0 0.0 0.0072254335260115606 0.0 0.0 0.0 0.0 0.0 0.0
svg/svg/g/g_1/g_2/g_3/g_8/g_9/g_10/g_12/g_13/g_14/g_15/g_16/path_5 2.0 1.0 0.0 0.0 0.0 0.0 0.0 0.0 0.0 0.0 0.00999999935428271 0.0 0.0 0.0072254335260115606 0.0 0.0 0.0 0.0 0.0 0.0
svg/svg/g/g_1/g_2/g_3/g_8/g_9/g_10/g_12/g_13/g_14/g_15/g_16/g_17/g_18/text_2 9.0 1.0 0.0 0.0 0.0 0.0 0.0 0.0 0.0 0.0 0.9999999363364528 0.5483234714003945 0.35182998819362454 1.0 0.9706275033377837 1.0 0.44513137557959814 0.0534045393858478 0.038461538461538464 0.002054020745609531
svg/svg/g/g_1/g_2/g_3/g_8/g_9/g_10/g_12/g_13/g_14/g_15/g_16/g_17/g_19/path_6 2.0 1.0 0.0 0.0 0.0 1.0 0.43256 0.5470743196771305 0.5 0.0 0.999999936427271 0.0 0.0 0.0 0.006675567423230975 0.0 0.0 0.01335113484646195 0.0 0.0
svg/svg/g/g_1/g_2/g_3/g_8/g_9/g_10/g_12/g_13/g_14/g_15/g_16/path_7 2.0 1.0 0.0 0.0 0.0 0.0 0.0 0.0 0.0 0.0 0.009999999372446347 0.0 0.0 0.0072254335260115606 0.0 0.0 0.0 0.0 0.0 0.0
svg/svg/g/g_1/g_2/g_3/g_8/g_9/g_10/g_12/g_13/g_14/g_15/g_20/path_8 2.0 1.0 0.0 0.0 0.0 0.0 0.0 0.0 0.0 0.0 0.009999999445100894 0.0 0.0 0.0072254335260115606 0.0 0.0 0.0 0.0 0.0 0.0
svg/svg/g/g_1/g_2/g_3/g_8/g_9/g_10/g_12/g_13/g_14/g_15/g_20/g_21/g_22/text_3 9.0 1.0 0.0 0.0 0.0 0.0 0.0 0.0 0.0 0.0 0.9999999454182712 0.4970414201183432 0.32113341204250295 1.0 0.9706275033377837 1.0 0.40494590417310666 0.0534045393858478 0.038461538461538464 0.002054020745609531
svg/svg/g/g_1/g_2/g_3/g_8/g_9/g_10/g_12/g_13/g_14/g_15/g_20/g_21/g_23/path_9 2.0 1.0 0.0 0.0 0.0 0.11107228879835858 1.0 0.6488534759080704 0.5 0.0 0.9999999455090894 0.0 0.0 0.0 0.006675567423230975 0.0 0.0 0.01335113484646195 0.0 0.0
svg/svg/g/g_1/g_2/g_3/g_8/g_9/g_10/g_12/g_13/g_14/g_15/g_20/path_10 2.0 1.0 0.0 0.0 0.0 0.0 0.0 0.0 0.0 0.0 0.009999999463264532 0.0 0.0 0.0072254335260115606 0.0 0.0 0.0 0.0 0.0 0.0
svg/svg/g/g_1/g_2/g_3/g_8/g_9/g_10/g_12/g_13/g_14/g_15/g_24/path_11 2.0 1.0 0.0 0.0 0.0 0.0 0.0 0.0 0.0 0.0 0.009999999535919079 0.0 0.0 0.0072254335260115606 0.0 0.0 0.0 0.0 0.0 0.0
svg/svg/g/g_1/g_2/g_3/g_8/g_9/g_10/g_12/g_13/g_14/g_15/g_24/g_25/g_26/text_4 9.0 1.0 0.0 0.0 0.0 0.0 0.0 0.0 0.0 0.0 0.9999999545000897 0.4457593688362919 0.29043683589138136 1.0 0.9706275033377837 1.0 0.36476043276661513 0.0534045393858478 0.038461538461538464 0.002054020745609531
svg/svg/g/g_1/g_2/g_3/g_8/g_9/g_10/g_12/g_13/g_14/g_15/g_24/g_25/g_27/path_12 2.0 1.0 0.0 0.0 0.0 0.12564676321032442 0.9726 0.9262123827197343 0.5 0.0 0.9999999545909078 0.0 0.0 0.0 0.006675567423230975 0.0 0.0 0.01335113484646195 0.0 0.0
svg/svg/g/g_1/g_2/g_3/g_8/g_9/g_10/g_12/g_13/g_14/g_15/g_24/path_13 2.0 1.0 0.0 0.0 0.0 0.0 0.0 0.0 0.0 0.0 0.009999999554082716 0.0 0.0 0.0072254335260115606 0.0 0.0 0.0 0.0 0.0 0.0
svg/svg/g/g_1/g_2/g_3/g_8/g_9/g_10/g_12/g_13/g_14/g_15/g_28/path_14 2.0 1.0 0.0 0.0 0.0 0.0 0.0 0.0 0.0 0.0 0.009999999626737262 0.0 0.0 0.0072254335260115606 0.0 0.0 0.0 0.0 0.0 0.0
svg/svg/g/g_1/g_2/g_3/g_8/g_9/g_10/g_12/g_13/g_14/g_15/g_28/g_29/g_30/text_5 9.0 1.0 0.0 0.0 0.0 0.0 0.0 0.0 0.0 0.0 0.9999999635819081 0.39447731755424065 0.2597402597402597 1.0 0.9706275033377837 1.0 0.32457496136012365 0.0534045393858478 0.038461538461538464 0.002054020745609531
svg/svg/g/g_1/g_2/g_3/g_8/g_9/g_10/g_12/g_13/g_14/g_15/g_28/g_29/g_31/path_15 2.0 1.0 0.0 0.0 0.0 0.43258422789854 0.56863 0.5190827807264564 0.5 0.0 0.9999999636727263 0.0 0.0 0.0 0.006675567423230975 0.0 0.0 0.01335113484646195 0.0 0.0
svg/svg/g/g_1/g_2/g_3/g_8/g_9/g_10/g_12/g_13/g_14/g_15/g_28/path_16 2.0 1.0 0.0 0.0 0.0 0.0 0.0 0.0 0.0 0.0 0.009999999644900899 0.0 0.0 0.0072254335260115606 0.0 0.0 0.0 0.0 0.0 0.0
svg/svg/g/g_1/g_2/g_3/g_8/g_9/g_10/g_12/g_13/g_14/g_15/g_32/path_17 2.0 1.0 0.0 0.0 0.0 0.0 0.0 0.0 0.0 0.0 0.009999999717555446 0.0 0.0 0.0072254335260115606 0.0 0.0 0.0 0.0 0.0 0.0
svg/svg/g/g_1/g_2/g_3/g_8/g_9/g_10/g_12/g_13/g_14/g_15/g_32/g_33/g_34/text_6 9.0 1.0 0.0 0.0 0.0 0.0 0.0 0.0 0.0 0.0 0.9999999726637265 0.3431952662721893 0.22904368358913813 1.0 0.9706275033377837 1.0 0.28438948995363217 0.0534045393858478 0.038461538461538464 0.002054020745609531
svg/svg/g/g_1/g_2/g_3/g_8/g_9/g_10/g_12/g_13/g_14/g_15/g_32/g_33/g_35/path_18 2.0 1.0 0.0 0.0 0.0 0.34109325284724495 0.5704699999999999 0.9185688887735373 0.5 0.0 0.9999999727545447 0.0 0.0 0.0 0.006675567423230975 0.0 0.0 0.01335113484646195 0.0 0.0
svg/svg/g/g_1/g_2/g_3/g_8/g_9/g_10/g_12/g_13/g_14/g_15/g_32/path_19 2.0 1.0 0.0 0.0 0.0 0.0 0.0 0.0 0.0 0.0 0.009999999735719084 0.0 0.0 0.0072254335260115606 0.0 0.0 0.0 0.0 0.0 0.0
svg/svg/g/g_1/g_2/g_3/g_8/g_9/g_10/g_12/g_13/g_14/g_15/g_36/path_20 2.0 1.0 0.0 0.0 0.0 0.0 0.0 0.0 0.0 0.0 0.009999999808373631 0.0 0.0 0.0072254335260115606 0.0 0.0 0.0 0.0 0.0 0.0
svg/svg/g/g_1/g_2/g_3/g_8/g_9/g_10/g_12/g_13/g_14/g_15/g_36/g_37/g_38/text_7 9.0 1.0 0.0 0.0 0.0 0.0 0.0 0.0 0.0 0.0 0.9999999817455449 0.29191321499013806 0.19834710743801653 1.0 0.9706275033377837 1.0 0.24420401854714066 0.0534045393858478 0.038461538461538464 0.002054020745609531
svg/svg/g/g_1/g_2/g_3/g_8/g_9/g_10/g_12/g_13/g_14/g_15/g_36/g_37/g_39/path_21 2.0 1.0 0.0 0.0 0.0 0.7588725504772666 0.70616 0.536900297174892 0.5 0.0 0.9999999818363632 0.0 0.0 0.0 0.006675567423230975 0.0 0.0 0.01335113484646195 0.0 0.0
svg/svg/g/g_1/g_2/g_3/g_8/g_9/g_10/g_12/g_13/g_14/g_15/g_36/path_22 2.0 1.0 0.0 0.0 0.0 0.0 0.0 0.0 0.0 0.0 0.009999999826537268 0.0 0.0 0.0072254335260115606 0.0 0.0 0.0 0.0 0.0 0.0
svg/svg/g/g_1/g_2/g_3/g_8/g_9/g_10/g_12/g_13/g_14/g_15/g_40/path_23 2.0 1.0 0.0 0.0 0.0 0.0 0.0 0.0 0.0 0.0 0.009999999899191815 0.0 0.0 0.0072254335260115606 0.0 0.0 0.0 0.0 0.0 0.0
svg/svg/g/g_1/g_2/g_3/g_8/g_9/g_10/g_12/g_13/g_14/g_15/g_40/g_41/g_42/text_8 9.0 1.0 0.0 0.0 0.0 0.0 0.0 0.0 0.0 0.0 0.9999999908273633 0.2406311637080868 0.16765053128689492 1.0 0.9706275033377837 1.0 0.20401854714064915 0.0534045393858478 0.038461538461538464 0.002054020745609531
svg/svg/g/g_1/g_2/g_3/g_8/g_9/g_10/g_12/g_13/g_14/g_15/g_40/g_41/g_43/path_24 2.0 1.0 0.0 0.0 0.0 0.7458443605221684 0.52137 1.0 0.5 0.0 0.9999999909181816 0.0 0.0 0.0 0.006675567423230975 0.0 0.0 0.01335113484646195 0.0 0.0
svg/svg/g/g_1/g_2/g_3/g_8/g_9/g_10/g_12/g_13/g_14/g_15/g_40/path_25 2.0 1.0 0.0 0.0 0.0 0.0 0.0 0.0 0.0 0.0 0.009999999917355453 0.0 0.0 0.0072254335260115606 0.0 0.0 0.0 0.0 0.0 0.0
svg/svg/g/g_1/g_2/g_3/g_8/g_9/g_10/g_12/g_13/g_14/g_15/g_44/path_26 2.0 1.0 0.0 0.0 0.0 0.0 0.0 0.0 0.0 0.0 0.00999999999001 0.0 0.0 0.0072254335260115606 0.0 0.0 0.0 0.0 0.0 0.0
svg/svg/g/g_1/g_2/g_3/g_8/g_9/g_10/g_12/g_13/g_14/g_15/g_44/g_45/g_46/text_9 9.0 1.0 0.0 0.0 0.0 0.0 0.0 0.0 0.0 0.0 0.9999999999091819 0.1893491124260355 0.13695395513577333 1.0 0.9706275033377837 1.0 0.16383307573415765 0.0534045393858478 0.038461538461538464 0.002054020745609531
svg/svg/g/g_1/g_2/g_3/g_8/g_9/g_10/g_12/g_13/g_14/g_15/g_44/g_45/g_47/path_27 2.0 1.0 0.0 0.0 0.0 0.07976746260667877 0.63134 0.5521613309282498 0.5 0.0 1.0 0.0 0.0 0.0 0.006675567423230975 0.0 0.0 0.01335113484646195 0.0 0.0
svg/svg/g/g_1/g_2/g_3/g_8/g_9/g_10/g_12/g_13/g_14/g_15/g_44/path_28 2.0 1.0 0.0 0.0 0.0 0.0 0.0 0.0 0.0 0.0 0.010000000008173637 0.0 0.0 0.0072254335260115606 0.0 0.0 0.0 0.0 0.0 0.0
svg/svg/g/g_1/g_2/g_3/g_8/g_9/g_10/g_12/g_13/path_29 2.0 1.0 0.0 0.0 0.0 0.0 0.0 0.0 0.0 0.0 1.0000008436101138e-05 0.0 0.0 0.0072254335260115606 0.0 0.0 0.0 0.0 0.0 0.0
svg/svg/g/g_1/g_2/g_3/g_8/g_9/path_30 2.0 1.0 0.0 0.0 0.0 0.0 0.0 0.0 0.0 0.0 1.000816390905062e-08 0.0 0.0 0.0072254335260115606 0.0 0.0 0.0 0.0 0.0 0.0
svg/svg/g/g_1/g_2/g_3/g_48/text_10 9.0 1.0 0.0 0.0 0.0 0.0 0.0 0.0 0.0 0.0 1.0898182115118642e-09 0.1814595660749507 0.1345926800472255 0.7557803468208093 0.7449933244325768 0.7609618104667609 0.15919629057187018 0.0534045393858478 0.04230769230769231 0.0022594228201704837
svg/svg/g/g_1/g_2/g_3/g_48/text_11 9.0 1.0 0.0 0.0 0.0 0.0 0.0 0.0 0.0 0.0 1.0989000299411297e-09 0.1814595660749507 0.1345926800472255 0.7557803468208093 0.7449933244325768 0.7609618104667609 0.15919629057187018 0.0534045393858478 0.04230769230769231 0.0022594228201704837
svg/svg/g/g_1/g_2/g_3/g_48/text_12 9.0 1.0 0.0 0.0 0.0 0.0 0.0 0.0 0.0 0.0 1.1079818483703952e-09 0.1814595660749507 0.1345926800472255 0.7557803468208093 0.7449933244325768 0.7609618104667609 0.15919629057187018 0.0534045393858478 0.04230769230769231 0.0022594228201704837
svg/svg/g/g_1/g_2/g_3/g_48/text_13 9.0 1.0 0.0 0.0 0.0 0.0 0.0 0.0 0.0 0.0 1.1170636667996608e-09 0.1814595660749507 0.1345926800472255 0.7557803468208093 0.7449933244325768 0.7609618104667609 0.15919629057187018 0.0534045393858478 0.04230769230769231 0.0022594228201704837
svg/svg/g/g_1/g_2/g_3/g_48/text_14 9.0 1.0 0.0 0.0 0.0 0.0 0.0 0.0 0.0 0.0 1.1261454852289263e-09 0.1814595660749507 0.1345926800472255 0.7557803468208093 0.7449933244325768 0.7609618104667609 0.15919629057187018 0.0534045393858478 0.04230769230769231 0.0022594228201704837
svg/svg/g/g_1/g_2/g_3/g_48/text_15 9.0 1.0 0.0 0.0 0.0 0.0 0.0 0.0 0.0 0.0 1.1352273036581918e-09 0.1814595660749507 0.1345926800472255 0.7557803468208093 0.7449933244325768 0.7609618104667609 0.15919629057187018 0.0534045393858478 0.04230769230769231 0.0022594228201704837
svg/svg/g/g_1/g_2/g_3/g_48/text_16 9.0 1.0 0.0 0.0 0.0 0.0 0.0 0.0 0.0 0.0 1.1443091220874574e-09 0.1814595660749507 0.1345926800472255 0.7557803468208093 0.7449933244325768 0.7609618104667609 0.15919629057187018 0.0534045393858478 0.04230769230769231 0.0022594228201704837
svg/svg/g/g_1/g_2/g_3/g_48/text_17 9.0 1.0 0.0 0.0 0.0 0.0 0.0 0.0 0.0 0.0 1.153390940516723e-09 0.1814595660749507 0.1345926800472255 0.7557803468208093 0.7449933244325768 0.7609618104667609 0.15919629057187018 0.0534045393858478 0.04230769230769231 0.0022594228201704837
svg/svg/g/g_1/g_2/g_3/g_48/text_18 9.0 1.0 0.0 0.0 0.0 0.0 0.0 0.0 0.0 0.0 1.1624727589459886e-09 0.1814595660749507 0.1345926800472255 0.7557803468208093 0.7449933244325768 0.7609618104667609 0.15919629057187018 0.0534045393858478 0.04230769230769231 0.0022594228201704837
svg/svg/g/g_1/g_2/g_3/g_48/text_19 9.0 1.0 0.0 0.0 0.0 0.0 0.0 0.0 0.0 0.0 1.171554577375254e-09 0.1814595660749507 0.1345926800472255 0.7557803468208093 0.7449933244325768 0.7609618104667609 0.15919629057187018 0.0534045393858478 0.04230769230769231 0.0022594228201704837
svg/svg/g/g_1/g_2/g_3/g_48/text_20 9.0 1.0 0.0 0.0 0.0 0.0 0.0 0.0 0.0 0.0 1.0989000299411297e-09 0.1814595660749507 0.1345926800472255 0.7557803468208093 0.7449933244325768 0.7609618104667609 0.15919629057187018 0.0534045393858478 0.04230769230769231 0.0022594228201704837
svg/svg/g/g_1/g_2/g_3/g_48/text_21 9.0 1.0 0.0 0.0 0.0 0.0 0.0 0.0 0.0 0.0 1.0998082117840562e-09 0.1814595660749507 0.1345926800472255 0.7557803468208093 0.7449933244325768 0.7609618104667609 0.15919629057187018 0.0534045393858478 0.04230769230769231 0.0022594228201704837
svg/svg/g/g_1/g_2/g_3/g_48/text_22 9.0 1.0 0.0 0.0 0.0 0.0 0.0 0.0 0.0 0.0 1.1007163936269828e-09 0.1814595660749507 0.1345926800472255 0.7557803468208093 0.7449933244325768 0.7609618104667609 0.15919629057187018 0.0534045393858478 0.04230769230769231 0.0022594228201704837
svg/svg/g/g_1/g_2/g_3/g_48/text_23 9.0 1.0 0.0 0.0 0.0 0.0 0.0 0.0 0.0 0.0 1.1016245754699095e-09 0.1814595660749507 0.1345926800472255 0.7557803468208093 0.7449933244325768 0.7609618104667609 0.15919629057187018 0.0534045393858478 0.04230769230769231 0.0022594228201704837
svg/svg/g/g_1/g_2/g_3/g_48/text_24 9.0 1.0 0.0 0.0 0.0 0.0 0.0 0.0 0.0 0.0 1.102532757312836e-09 0.1814595660749507 0.1345926800472255 0.7557803468208093 0.7449933244325768 0.7609618104667609 0.15919629057187018 0.0534045393858478 0.04230769230769231 0.0022594228201704837
svg/svg/g/g_1/g_2/g_3/g_48/text_25 9.0 1.0 0.0 0.0 0.0 0.0 0.0 0.0 0.0 0.0 1.1034409391557624e-09 0.1814595660749507 0.1345926800472255 0.7557803468208093 0.7449933244325768 0.7609618104667609 0.15919629057187018 0.0534045393858478 0.04230769230769231 0.0022594228201704837
svg/svg/g/g_1/g_2/g_3/g_48/text_26 9.0 1.0 0.0 0.0 0.0 0.0 0.0 0.0 0.0 0.0 1.104349120998689e-09 0.1814595660749507 0.1345926800472255 0.7557803468208093 0.7449933244325768 0.7609618104667609 0.15919629057187018 0.0534045393858478 0.04230769230769231 0.0022594228201704837
svg/svg/g/g_1/g_2/g_3/g_48/text_27 9.0 1.0 0.0 0.0 0.0 0.0 0.0 0.0 0.0 0.0 1.1052573028416156e-09 0.1814595660749507 0.1345926800472255 0.7557803468208093 0.7449933244325768 0.7609618104667609 0.15919629057187018 0.0534045393858478 0.04230769230769231 0.0022594228201704837
svg/svg/g/g_1/g_2/g_3/g_48/text_28 9.0 1.0 0.0 0.0 0.0 0.0 0.0 0.0 0.0 0.0 1.106165484684542e-09 0.1814595660749507 0.1345926800472255 0.7557803468208093 0.7449933244325768 0.7609618104667609 0.15919629057187018 0.0534045393858478 0.04230769230769231 0.0022594228201704837
svg/svg/g/g_1/g_2/g_3/g_48/text_29 9.0 1.0 0.0 0.0 0.0 0.0 0.0 0.0 0.0 0.0 1.1070736665274687e-09 0.1814595660749507 0.1345926800472255 0.7557803468208093 0.7449933244325768 0.7609618104667609 0.15919629057187018 0.0534045393858478 0.04230769230769231 0.0022594228201704837
svg/svg/g/g_1/g_2/g_3/g_48/text_30 9.0 1.0 0.0 0.0 0.0 0.0 0.0 0.0 0.0 0.0 1.1079818483703952e-09 0.1814595660749507 0.1345926800472255 0.7557803468208093 0.7449933244325768 0.7609618104667609 0.15919629057187018 0.0534045393858478 0.04230769230769231 0.0022594228201704837
svg/svg/g/g_1/g_2/g_3/g_48/text_31 9.0 1.0 0.0 0.0 0.0 0.0 0.0 0.0 0.0 0.0 1.1088900302133218e-09 0.1814595660749507 0.1345926800472255 0.7557803468208093 0.7449933244325768 0.7609618104667609 0.15919629057187018 0.0534045393858478 0.04230769230769231 0.0022594228201704837
svg/svg/g/g_1/g_2/g_3/g_48/text_32 9.0 1.0 0.0 0.0 0.0 0.0 0.0 0.0 0.0 0.0 1.1097982120562485e-09 0.1814595660749507 0.1345926800472255 0.7557803468208093 0.7449933244325768 0.7609618104667609 0.15919629057187018 0.0534045393858478 0.04230769230769231 0.0022594228201704837
svg/svg/g/g_1/g_2/g_3/g_48/text_33 9.0 1.0 0.0 0.0 0.0 0.0 0.0 0.0 0.0 0.0 1.110706393899175e-09 0.1814595660749507 0.1345926800472255 0.7557803468208093 0.7449933244325768 0.7609618104667609 0.15919629057187018 0.0534045393858478 0.04230769230769231 0.0022594228201704837
svg/svg/g/g_1/g_2/g_3/g_48/text_34 9.0 1.0 0.0 0.0 0.0 0.0 0.0 0.0 0.0 0.0 1.1116145757421014e-09 0.1814595660749507 0.1345926800472255 0.7557803468208093 0.7449933244325768 0.7609618104667609 0.15919629057187018 0.0534045393858478 0.04230769230769231 0.0022594228201704837
svg/svg/g/g_1/g_2/g_3/g_48/text_35 9.0 1.0 0.0 0.0 0.0 0.0 0.0 0.0 0.0 0.0 1.112522757585028e-09 0.1814595660749507 0.1345926800472255 0.7557803468208093 0.7449933244325768 0.7609618104667609 0.15919629057187018 0.0534045393858478 0.04230769230769231 0.0022594228201704837
svg/svg/g/g_1/g_2/g_3/g_48/text_36 9.0 1.0 0.0 0.0 0.0 0.0 0.0 0.0 0.0 0.0 1.1134309394279546e-09 0.1814595660749507 0.1345926800472255 0.7557803468208093 0.7449933244325768 0.7609618104667609 0.15919629057187018 0.0534045393858478 0.04230769230769231 0.0022594228201704837
svg/svg/g/g_1/g_2/g_3/g_48/text_37 9.0 1.0 0.0 0.0 0.0 0.0 0.0 0.0 0.0 0.0 1.114339121270881e-09 0.1814595660749507 0.1345926800472255 0.7557803468208093 0.7449933244325768 0.7609618104667609 0.15919629057187018 0.0534045393858478 0.04230769230769231 0.0022594228201704837
svg/svg/g/g_1/g_2/g_3/g_48/text_38 9.0 1.0 0.0 0.0 0.0 0.0 0.0 0.0 0.0 0.0 1.1152473031138077e-09 0.1814595660749507 0.1345926800472255 0.7557803468208093 0.7449933244325768 0.7609618104667609 0.15919629057187018 0.0534045393858478 0.04230769230769231 0.0022594228201704837
svg/svg/g/g_1/g_2/g_3/g_48/text_39 9.0 1.0 0.0 0.0 0.0 0.0 0.0 0.0 0.0 0.0 1.1161554849567342e-09 0.1814595660749507 0.1345926800472255 0.7557803468208093 0.7449933244325768 0.7609618104667609 0.15919629057187018 0.0534045393858478 0.04230769230769231 0.0022594228201704837
svg/svg/g/g_1/g_2/g_3/g_48/text_40 9.0 1.0 0.0 0.0 0.0 0.0 0.0 0.0 0.0 0.0 1.1170636667996608e-09 0.1814595660749507 0.1345926800472255 0.7557803468208093 0.7449933244325768 0.7609618104667609 0.15919629057187018 0.0534045393858478 0.04230769230769231 0.0022594228201704837
svg/svg/g/g_1/g_2/g_3/g_48/text_41 9.0 1.0 0.0 0.0 0.0 0.0 0.0 0.0 0.0 0.0 1.1179718486425873e-09 0.1814595660749507 0.1345926800472255 0.7557803468208093 0.7449933244325768 0.7609618104667609 0.15919629057187018 0.0534045393858478 0.04230769230769231 0.0022594228201704837
svg/svg/g/g_1/g_2/g_3/g_48/text_42 9.0 1.0 0.0 0.0 0.0 0.0 0.0 0.0 0.0 0.0 1.118880030485514e-09 0.1814595660749507 0.1345926800472255 0.7557803468208093 0.7449933244325768 0.7609618104667609 0.15919629057187018 0.0534045393858478 0.04230769230769231 0.0022594228201704837
svg/svg/g/g_1/g_2/g_3/g_48/text_43 9.0 1.0 0.0 0.0 0.0 0.0 0.0 0.0 0.0 0.0 1.1197882123284404e-09 0.1814595660749507 0.1345926800472255 0.7557803468208093 0.7449933244325768 0.7609618104667609 0.15919629057187018 0.0534045393858478 0.04230769230769231 0.0022594228201704837
svg/svg/g/g_1/g_2/g_3/g_48/text_44 9.0 1.0 0.0 0.0 0.0 0.0 0.0 0.0 0.0 0.0 1.1206963941713669e-09 0.1814595660749507 0.1345926800472255 0.7557803468208093 0.7449933244325768 0.7609618104667609 0.15919629057187018 0.0534045393858478 0.04230769230769231 0.0022594228201704837
svg/svg/g/g_1/g_2/g_3/g_48/text_45 9.0 1.0 0.0 0.0 0.0 0.0 0.0 0.0 0.0 0.0 1.1216045760142936e-09 0.1814595660749507 0.1345926800472255 0.7557803468208093 0.7449933244325768 0.7609618104667609 0.15919629057187018 0.0534045393858478 0.04230769230769231 0.0022594228201704837
svg/svg/g/g_1/g_2/g_3/g_48/text_46 9.0 1.0 0.0 0.0 0.0 0.0 0.0 0.0 0.0 0.0 1.12251275785722e-09 0.1814595660749507 0.1345926800472255 0.7557803468208093 0.7449933244325768 0.7609618104667609 0.15919629057187018 0.0534045393858478 0.04230769230769231 0.0022594228201704837
svg/svg/g/g_1/g_2/g_3/g_48/text_47 9.0 1.0 0.0 0.0 0.0 0.0 0.0 0.0 0.0 0.0 1.1234209397001465e-09 0.1814595660749507 0.1345926800472255 0.7557803468208093 0.7449933244325768 0.7609618104667609 0.15919629057187018 0.0534045393858478 0.04230769230769231 0.0022594228201704837
svg/svg/g/g_1/g_2/g_3/g_48/text_48 9.0 1.0 0.0 0.0 0.0 0.0 0.0 0.0 0.0 0.0 1.1243291215430734e-09 0.1814595660749507 0.1345926800472255 0.7557803468208093 0.7449933244325768 0.7609618104667609 0.15919629057187018 0.0534045393858478 0.04230769230769231 0.0022594228201704837
svg/svg/g/g_1/g_2/g_3/g_48/text_49 9.0 1.0 0.0 0.0 0.0 0.0 0.0 0.0 0.0 0.0 1.1252373033859998e-09 0.1814595660749507 0.1345926800472255 0.7557803468208093 0.7449933244325768 0.7609618104667609 0.15919629057187018 0.0534045393858478 0.04230769230769231 0.0022594228201704837
svg/svg/g/g_1/g_2/g_3/g_48/text_50 9.0 1.0 0.0 0.0 0.0 0.0 0.0 0.0 0.0 0.0 1.1261454852289263e-09 0.1814595660749507 0.1345926800472255 0.7557803468208093 0.7449933244325768 0.7609618104667609 0.15919629057187018 0.0534045393858478 0.04230769230769231 0.0022594228201704837
svg/svg/g/g_1/g_2/g_3/g_48/text_51 9.0 1.0 0.0 0.0 0.0 0.0 0.0 0.0 0.0 0.0 1.127053667071853e-09 0.1814595660749507 0.1345926800472255 0.7557803468208093 0.7449933244325768 0.7609618104667609 0.15919629057187018 0.0534045393858478 0.04230769230769231 0.0022594228201704837
svg/svg/g/g_1/g_2/g_3/g_48/text_52 9.0 1.0 0.0 0.0 0.0 0.0 0.0 0.0 0.0 0.0 1.1279618489147794e-09 0.1814595660749507 0.1345926800472255 0.7557803468208093 0.7449933244325768 0.7609618104667609 0.15919629057187018 0.0534045393858478 0.04230769230769231 0.0022594228201704837
svg/svg/g/g_1/g_2/g_3/g_48/text_53 9.0 1.0 0.0 0.0 0.0 0.0 0.0 0.0 0.0 0.0 1.128870030757706e-09 0.1814595660749507 0.1345926800472255 0.7557803468208093 0.7449933244325768 0.7609618104667609 0.15919629057187018 0.0534045393858478 0.04230769230769231 0.0022594228201704837
svg/svg/g/g_1/g_2/g_3/g_48/text_54 9.0 1.0 0.0 0.0 0.0 0.0 0.0 0.0 0.0 0.0 1.1297782126006326e-09 0.1814595660749507 0.1345926800472255 0.7557803468208093 0.7449933244325768 0.7609618104667609 0.15919629057187018 0.0534045393858478 0.04230769230769231 0.0022594228201704837
svg/svg/g/g_1/g_2/g_3/g_48/text_55 9.0 1.0 0.0 0.0 0.0 0.0 0.0 0.0 0.0 0.0 1.130686394443559e-09 0.1814595660749507 0.1345926800472255 0.7557803468208093 0.7449933244325768 0.7609618104667609 0.15919629057187018 0.0534045393858478 0.04230769230769231 0.0022594228201704837
svg/svg/g/g_1/g_2/g_3/g_48/text_56 9.0 1.0 0.0 0.0 0.0 0.0 0.0 0.0 0.0 0.0 1.1315945762864857e-09 0.1814595660749507 0.1345926800472255 0.7557803468208093 0.7449933244325768 0.7609618104667609 0.15919629057187018 0.0534045393858478 0.04230769230769231 0.0022594228201704837
svg/svg/g/g_1/g_2/g_3/g_48/text_57 9.0 1.0 0.0 0.0 0.0 0.0 0.0 0.0 0.0 0.0 1.1325027581294122e-09 0.1814595660749507 0.1345926800472255 0.7557803468208093 0.7449933244325768 0.7609618104667609 0.15919629057187018 0.0534045393858478 0.04230769230769231 0.0022594228201704837
svg/svg/g/g_1/g_2/g_3/g_48/text_58 9.0 1.0 0.0 0.0 0.0 0.0 0.0 0.0 0.0 0.0 1.1334109399723388e-09 0.1814595660749507 0.1345926800472255 0.7557803468208093 0.7449933244325768 0.7609618104667609 0.15919629057187018 0.0534045393858478 0.04230769230769231 0.0022594228201704837
svg/svg/g/g_1/g_2/g_3/g_48/text_59 9.0 1.0 0.0 0.0 0.0 0.0 0.0 0.0 0.0 0.0 1.1343191218152653e-09 0.1814595660749507 0.1345926800472255 0.7557803468208093 0.7449933244325768 0.7609618104667609 0.15919629057187018 0.0534045393858478 0.04230769230769231 0.0022594228201704837
svg/svg/g/g_1/g_2/g_3/g_48/text_60 9.0 1.0 0.0 0.0 0.0 0.0 0.0 0.0 0.0 0.0 1.1352273036581918e-09 0.1814595660749507 0.1345926800472255 0.7557803468208093 0.7449933244325768 0.7609618104667609 0.15919629057187018 0.0534045393858478 0.04230769230769231 0.0022594228201704837
svg/svg/g/g_1/g_2/g_3/g_48/text_61 9.0 1.0 0.0 0.0 0.0 0.0 0.0 0.0 0.0 0.0 1.1361354855011184e-09 0.1814595660749507 0.1345926800472255 0.7557803468208093 0.7449933244325768 0.7609618104667609 0.15919629057187018 0.0534045393858478 0.04230769230769231 0.0022594228201704837
svg/svg/g/g_1/g_2/g_3/g_48/text_62 9.0 1.0 0.0 0.0 0.0 0.0 0.0 0.0 0.0 0.0 1.137043667344045e-09 0.1814595660749507 0.1345926800472255 0.7557803468208093 0.7449933244325768 0.7609618104667609 0.15919629057187018 0.0534045393858478 0.04230769230769231 0.0022594228201704837
svg/svg/g/g_1/g_2/g_3/g_48/text_63 9.0 1.0 0.0 0.0 0.0 0.0 0.0 0.0 0.0 0.0 1.1379518491869714e-09 0.1814595660749507 0.1345926800472255 0.7557803468208093 0.7449933244325768 0.7609618104667609 0.15919629057187018 0.0534045393858478 0.04230769230769231 0.0022594228201704837
svg/svg/g/g_1/g_2/g_3/g_48/text_64 9.0 1.0 0.0 0.0 0.0 0.0 0.0 0.0 0.0 0.0 1.138860031029898e-09 0.1814595660749507 0.1345926800472255 0.7557803468208093 0.7449933244325768 0.7609618104667609 0.15919629057187018 0.0534045393858478 0.04230769230769231 0.0022594228201704837
svg/svg/g/g_1/g_2/g_3/g_48/text_65 9.0 1.0 0.0 0.0 0.0 0.0 0.0 0.0 0.0 0.0 1.1397682128728247e-09 0.1814595660749507 0.1345926800472255 0.7557803468208093 0.7449933244325768 0.7609618104667609 0.15919629057187018 0.0534045393858478 0.04230769230769231 0.0022594228201704837
svg/svg/g/g_1/g_2/g_3/g_48/text_66 9.0 1.0 0.0 0.0 0.0 0.0 0.0 0.0 0.0 0.0 1.1406763947157512e-09 0.1814595660749507 0.1345926800472255 0.7557803468208093 0.7449933244325768 0.7609618104667609 0.15919629057187018 0.0534045393858478 0.04230769230769231 0.0022594228201704837
svg/svg/g/g_1/g_2/g_3/g_48/text_67 9.0 1.0 0.0 0.0 0.0 0.0 0.0 0.0 0.0 0.0 1.1415845765586778e-09 0.1814595660749507 0.1345926800472255 0.7557803468208093 0.7449933244325768 0.7609618104667609 0.15919629057187018 0.0534045393858478 0.04230769230769231 0.0022594228201704837
svg/svg/g/g_1/g_2/g_3/g_48/text_68 9.0 1.0 0.0 0.0 0.0 0.0 0.0 0.0 0.0 0.0 1.1424927584016043e-09 0.1814595660749507 0.1345926800472255 0.7557803468208093 0.7449933244325768 0.7609618104667609 0.15919629057187018 0.0534045393858478 0.04230769230769231 0.0022594228201704837
svg/svg/g/g_1/g_2/g_3/g_48/text_69 9.0 1.0 0.0 0.0 0.0 0.0 0.0 0.0 0.0 0.0 1.1434009402445308e-09 0.1814595660749507 0.1345926800472255 0.7557803468208093 0.7449933244325768 0.7609618104667609 0.15919629057187018 0.0534045393858478 0.04230769230769231 0.0022594228201704837
svg/svg/g/g_1/g_2/g_3/g_48/text_70 9.0 1.0 0.0 0.0 0.0 0.0 0.0 0.0 0.0 0.0 1.1443091220874574e-09 0.1814595660749507 0.1345926800472255 0.7557803468208093 0.7449933244325768 0.7609618104667609 0.15919629057187018 0.0534045393858478 0.04230769230769231 0.0022594228201704837
svg/svg/g/g_1/g_2/g_3/g_48/text_71 9.0 1.0 0.0 0.0 0.0 0.0 0.0 0.0 0.0 0.0 1.145217303930384e-09 0.1814595660749507 0.1345926800472255 0.7557803468208093 0.7449933244325768 0.7609618104667609 0.15919629057187018 0.0534045393858478 0.04230769230769231 0.0022594228201704837
svg/svg/g/g_1/g_2/g_3/g_48/text_72 9.0 1.0 0.0 0.0 0.0 0.0 0.0 0.0 0.0 0.0 1.1461254857733104e-09 0.1814595660749507 0.1345926800472255 0.7557803468208093 0.7449933244325768 0.7609618104667609 0.15919629057187018 0.0534045393858478 0.04230769230769231 0.0022594228201704837
svg/svg/g/g_1/g_2/g_3/g_48/text_73 9.0 1.0 0.0 0.0 0.0 0.0 0.0 0.0 0.0 0.0 1.147033667616237e-09 0.1814595660749507 0.1345926800472255 0.7557803468208093 0.7449933244325768 0.7609618104667609 0.15919629057187018 0.0534045393858478 0.04230769230769231 0.0022594228201704837
svg/svg/g/g_1/g_2/g_3/g_48/text_74 9.0 1.0 0.0 0.0 0.0 0.0 0.0 0.0 0.0 0.0 1.1479418494591637e-09 0.1814595660749507 0.1345926800472255 0.7557803468208093 0.7449933244325768 0.7609618104667609 0.15919629057187018 0.0534045393858478 0.04230769230769231 0.0022594228201704837
svg/svg/g/g_1/g_2/g_3/g_48/text_75 9.0 1.0 0.0 0.0 0.0 0.0 0.0 0.0 0.0 0.0 1.1488500313020902e-09 0.1814595660749507 0.1345926800472255 0.7557803468208093 0.7449933244325768 0.7609618104667609 0.15919629057187018 0.0534045393858478 0.04230769230769231 0.0022594228201704837
svg/svg/g/g_1/g_2/g_3/g_49/path_31 2.0 1.0 0.0 0.0 0.0 0.0 0.0 0.0 1.0 0.0 1.1806363958045195e-09 0.06591715976331361 0.3843211334120425 0.012745664739884394 0.8010680907877169 0.4270297029702971 0.27738794435857805 0.7959679572763684 0.5617307692307693 0.4471196929238986
svg/svg/g/g_1/g_2/g_3/g_50/text_76 9.0 1.0 0.0 0.0 0.0 0.0 0.0 0.0 0.0 0.0 1.2714545800971748e-09 0.16173570019723865 0.12278630460448642 0.9166734104046242 0.8936421895861147 0.9184413012729844 0.1437403400309119 0.0534045393858478 0.04230769230769231 0.0022594228201704837
svg/svg/g/g_1/g_2/g_3/g_50/text_77 9.0 1.0 0.0 0.0 0.0 0.0 0.0 0.0 0.0 0.0 1.2805363985264403e-09 0.16173570019723865 0.12278630460448642 0.13632658959537572 0.17268090787716955 0.15465063649222063 0.1437403400309119 0.0534045393858478 0.04230769230769231 0.0022594228201704837
svg/svg/g/g_1/g_2/g_3/g_51/line 6.0 1.0 0.0 0.0 0.0 0.0 0.0 0.0 0.0 0.0 1.3622727643898303e-09 0.09072978303747535 0.526564344746163 0.9094479768786127 0.833562082777036 0.883080622347949 0.3802163833075734 0.0 0.7692307692307693 0.0
svg/svg/g/g_1/g_2/g_3/g_51/line_1 6.0 1.0 0.0 0.0 0.0 0.0 0.0 0.0 0.0 0.0 1.3713545828190958e-09 0.09072978303747535 0.526564344746163 0.12910115606936415 0.11260080106809078 0.11928995756718529 0.3802163833075734 0.0 0.7692307692307693 0.0
svg/svg/g/g_1/g_2/g_3/g_52/g_53/path_32 2.0 1.0 0.0 0.0 0.0 0.0 0.0 0.0 0.0 0.0 1.4530909486824856e-08 0.0 0.0 0.0072254335260115606 0.0 0.0 0.0 0.0 0.0 0.0
svg/svg/g/g_1/g_2/g_3/g_52/g_53/g_54/g_55/path_33 2.0 1.0 0.0 0.0 0.0 0.7588725504772666 0.70616 0.536900297174892 1.0 0.0 1.4539991305254122e-06 0.5732544378698224 0.4132703659976387 0.010534682080924855 0.7546328437917224 0.40135077793493634 0.49511591962905716 0.7515754339118824 0.11423076923076923 0.08585303995070351
svg/svg/g/g_1/g_2/g_3/g_52/g_53/path_34 2.0 1.0 0.0 0.0 0.0 0.0 0.0 0.0 0.0 0.0 1.4549073123683386e-08 0.0 0.0 0.0072254335260115606 0.0 0.0 0.0 0.0 0.0 0.0
svg/svg/g/g_1/g_2/g_3/g_52/g_56/path_35 2.0 1.0 0.0 0.0 0.0 0.0 0.0 0.0 0.0 0.0 1.4621727671117511e-08 0.0 0.0 0.0072254335260115606 0.0 0.0 0.0 0.0 0.0 0.0
svg/svg/g/g_1/g_2/g_3/g_52/g_56/g_57/g_58/path_36 2.0 1.0 0.0 0.0 0.0 1.0 0.43256 0.5470743196771305 1.0 0.0 1.4630809489546776e-06 0.2909664694280079 0.31192443919716645 0.0072254335260115606 0.7515754339118824 0.3981117397454031 0.31817619783616696 0.7515754339118824 0.2243846153846154 0.16864196364383283
svg/svg/g/g_1/g_2/g_3/g_52/g_56/path_37 2.0 1.0 0.0 0.0 0.0 0.0 0.0 0.0 0.0 0.0 1.4639891307976042e-08 0.0 0.0 0.0072254335260115606 0.0 0.0 0.0 0.0 0.0 0.0
svg/svg/g/g_1/g_2/g_3/g_52/g_59/path_38 2.0 1.0 0.0 0.0 0.0 0.0 0.0 0.0 0.0 0.0 1.4712545855410166e-08 0.0 0.0 0.0072254335260115606 0.0 0.0 0.0 0.0 0.0 0.0
svg/svg/g/g_1/g_2/g_3/g_52/g_59/g_60/g_61/path_39 2.0 1.0 0.0 0.0 0.0 0.12564676321032442 0.9726 0.9262123827197343 1.0 0.0 1.472162767383943e-06 0.4608678500986193 0.3740731995277449 0.0072254335260115606 0.7577036048064085 0.40135785007072133 0.42542503863987635 0.7577036048064085 0.1599615384615385 0.12120343534969703
svg/svg/g/g_1/g_2/g_3/g_52/g_59/path_40 2.0 1.0 0.0 0.0 0.0 0.0 0.0 0.0 0.0 0.0 1.4730709492268697e-08 0.0 0.0 0.0072254335260115606 0.0 0.0 0.0 0.0 0.0 0.0
svg/svg/g/g_1/g_2/g_3/g_52/g_62/path_41 2.0 1.0 0.0 0.0 0.0 0.0 0.0 0.0 0.0 0.0 1.4803364039702822e-08 0.0 0.0 0.0072254335260115606 0.0 0.0 0.0 0.0 0.0 0.0
svg/svg/g/g_1/g_2/g_3/g_52/g_62/g_63/g_64/path_42 2.0 1.0 0.0 0.0 0.0 0.34109325284724495 0.5704699999999999 0.9185688887735373 1.0 0.0 1.4812445858132088e-06 0.5795660749506902 0.4014167650531287 0.0072254335260115606 0.7500400534045394 0.39729844413012727 0.48982998454404947 0.7500400534045394 0.08876923076923077 0.06658047653281297
svg/svg/g/g_1/g_2/g_3/g_52/g_62/path_43 2.0 1.0 0.0 0.0 0.0 0.0 0.0 0.0 0.0 0.0 1.4821527676561351e-08 0.0 0.0 0.0072254335260115606 0.0 0.0 0.0 0.0 0.0 0.0
svg/svg/g/g_1/g_2/g_3/g_52/g_65/path_44 2.0 1.0 0.0 0.0 0.0 0.0 0.0 0.0 0.0 0.0 1.4894182223995477e-08 0.0 0.0 0.0072254335260115606 0.0 0.0 0.0 0.0 0.0 0.0
svg/svg/g/g_1/g_2/g_3/g_52/g_65/g_66/g_67/path_45 2.0 1.0 0.0 0.0 0.0 0.11107228879835858 1.0 0.6488534759080704 1.0 0.0 1.4903264042424742e-06 0.3409467455621302 0.3446517119244392 0.055274566473988436 0.7561682242990654 0.42405940594059405 0.3591808346213292 0.7117757009345794 0.22896153846153847 0.16296926157954195
svg/svg/g/g_1/g_2/g_3/g_52/g_65/path_46 2.0 1.0 0.0 0.0 0.0 0.0 0.0 0.0 0.0 0.0 1.4912345860854006e-08 0.0 0.0 0.0072254335260115606 0.0 0.0 0.0 0.0 0.0 0.0
svg/svg/g/g_1/g_2/g_3/g_52/g_68/path_47 2.0 1.0 0.0 0.0 0.0 0.0 0.0 0.0 0.0 0.0 1.4985000408288133e-08 0.0 0.0 0.0072254335260115606 0.0 0.0 0.0 0.0 0.0 0.0
svg/svg/g/g_1/g_2/g_3/g_52/g_68/g_69/g_70/path_48 2.0 1.0 0.0 0.0 0.0 0.43258422789854 0.56863 0.5190827807264564 1.0 0.0 1.4994082226717399e-06 0.5735700197238659 0.3919716646989374 0.06686416184971099 0.7577036048064085 0.43054455445544554 0.4812982998454405 0.7026034712950601 0.07923076923076923 0.0556678134949163
svg/svg/g/g_1/g_2/g_3/g_52/g_68/path_49 2.0 1.0 0.0 0.0 0.0 0.0 0.0 0.0 0.0 0.0 1.5003164045146662e-08 0.0 0.0 0.0072254335260115606 0.0 0.0 0.0 0.0 0.0 0.0
svg/svg/g/g_1/g_2/g_3/g_52/g_71/path_50 2.0 1.0 0.0 0.0 0.0 0.0 0.0 0.0 0.0 0.0 1.507581859258079e-08 0.0 0.0 0.0072254335260115606 0.0 0.0 0.0 0.0 0.0 0.0
svg/svg/g/g_1/g_2/g_3/g_52/g_71/g_72/g_73/path_51 2.0 1.0 0.0 0.0 0.0 0.7458443605221684 0.52137 1.0 1.0 0.0 1.5084900411010053e-06 0.65534516765286 0.4233293978748524 0.0072254335260115606 0.7577036048064085 0.40135785007072133 0.5338639876352396 0.7577036048064085 0.050576923076923075 0.03832231693540105
svg/svg/g/g_1/g_2/g_3/g_52/g_71/path_52 2.0 1.0 0.0 0.0 0.0 0.0 0.0 0.0 0.0 0.0 1.509398222943932e-08 0.0 0.0 0.0072254335260115606 0.0 0.0 0.0 0.0 0.0 0.0
svg/svg/g/g_1/g_2/g_3/g_52/g_74/path_53 2.0 1.0 0.0 0.0 0.0 0.0 0.0 0.0 0.0 0.0 1.5166636776873442e-08 0.0 0.0 0.0072254335260115606 0.0 0.0 0.0 0.0 0.0 0.0
svg/svg/g/g_1/g_2/g_3/g_52/g_74/g_75/g_76/path_54 2.0 1.0 0.0 0.0 0.0 0.07976746260667877 0.63134 0.5521613309282498 1.0 0.0 1.517571859530271e-06 0.7046942800788955 0.4344746162927981 0.4495953757225434 0.7561682242990654 0.617036775106082 0.5604945904173106 0.34746328437917223 0.020615384615384615 0.007163089247201397
svg/svg/g/g_1/g_2/g_3/g_52/g_74/path_55 2.0 1.0 0.0 0.0 0.0 0.0 0.0 0.0 0.0 0.0 1.518480041373197e-08 0.0 0.0 0.0072254335260115606 0.0 0.0 0.0 0.0 0.0 0.0
svg/svg/g/g_1/g_2/g_3/g_77/g_78/path_56 2.0 1.0 0.0 0.0 0.0 0.0 0.0 0.0 0.0 0.0 1.5439091329751408e-08 0.0 0.0 0.0072254335260115606 0.0 0.0 0.0 0.0 0.0 0.0
svg/svg/g/g_1/g_2/g_3/g_77/g_78/g_79/g_80/text_78 9.0 1.0 0.0 0.0 0.0 0.0 0.0 0.0 0.0 0.0 1.5448173148180675e-06 0.32938856015779094 0.29161747343565525 0.03126589595375722 0.03689719626168224 0.03130975954738331 0.31993817619783615 0.014686248331108143 0.15384615384615385 0.0022594228201704837
svg/svg/g/g_1/g_2/g_3/g_77/g_78/g_79/g_81/line_2 6.0 1.0 0.0 0.0 0.0 0.0 0.0 0.6921060486121025 0.0 0.0 1.54490813300236e-06 0.8816568047337278 1.0 0.08453757225433527 0.07142857142857142 0.07567185289957568 1.0 0.0 0.7692307692307693 0.0
svg/svg/g/g_1/g_2/g_3/g_77/g_78/g_79/g_82/text_79 9.0 1.0 0.0 0.0 0.0 0.0 0.0 0.0 0.0 0.0 1.5449989511866527e-06 0.19219723865877714 0.13865879574970486 0.07442196531791907 0.11548731642189586 0.09405940594059406 0.16606491499227202 0.0534045393858478 0.038461538461538464 0.002054020745609531
svg/svg/g/g_1/g_2/g_3/g_77/g_78/g_79/g_82/text_80 9.0 1.0 0.0 0.0 0.0 0.0 0.0 0.0 0.0 0.0 1.5450080330050818e-06 0.36752268244575936 0.24360566706021253 0.07442196531791907 0.11548731642189586 0.09405940594059406 0.3034528593508501 0.0534045393858478 0.038461538461538464 0.002054020745609531
svg/svg/g/g_1/g_2/g_3/g_77/g_78/g_79/g_82/text_81 9.0 1.0 0.0 0.0 0.0 0.0 0.0 0.0 0.0 0.0 1.5450171148235113e-06 0.542844181459566 0.34855017709563163 0.07442196531791907 0.11548731642189586 0.09405940594059406 0.4408377125193199 0.0534045393858478 0.038461538461538464 0.002054020745609531
svg/svg/g/g_1/g_2/g_3/g_77/g_78/g_79/g_82/text_82 9.0 1.0 0.0 0.0 0.0 0.0 0.0 0.0 0.0 0.0 1.5450261966419404e-06 0.7181696252465484 0.45349704840613936 0.07442196531791907 0.11548731642189586 0.09405940594059406 0.5782256568778981 0.0534045393858478 0.038461538461538464 0.002054020745609531
svg/svg/g/g_1/g_2/g_3/g_77/g_78/g_79/g_82/text_83 9.0 1.0 0.0 0.0 0.0 0.0 0.0 0.0 0.0 0.0 1.54503527846037e-06 0.893491124260355 0.5584415584415584 0.07442196531791907 0.11548731642189586 0.09405940594059406 0.7156105100463679 0.0534045393858478 0.038461538461538464 0.002054020745609531
svg/svg/g/g_1/g_2/g_3/g_77/g_78/g_79/g_83/line_3 6.0 1.0 0.0 0.0 0.0 0.0 0.0 0.6921060486121025 0.0 0.0 1.5450897693709455e-06 0.1794871794871795 0.10743801652892562 0.08453757225433527 0.07810413885180241 0.07920792079207921 0.14064914992272023 0.006675567423230975 0.0 0.0
svg/svg/g/g_1/g_2/g_3/g_77/g_78/g_79/g_83/line_4 6.0 1.0 0.0 0.0 0.0 0.0 0.0 0.6921060486121025 0.0 0.0 1.5450988511893745e-06 0.35700197238658776 0.21369539551357733 0.08453757225433527 0.07810413885180241 0.07920792079207921 0.2797527047913447 0.006675567423230975 0.0 0.0
svg/svg/g/g_1/g_2/g_3/g_77/g_78/g_79/g_83/line_5 6.0 1.0 0.0 0.0 0.0 0.0 0.0 0.6921060486121025 0.0 0.0 1.545107933007804e-06 0.5305719921104537 0.31759149940968123 0.08453757225433527 0.07810413885180241 0.07920792079207921 0.41576506955177744 0.006675567423230975 0.0 0.0
svg/svg/g/g_1/g_2/g_3/g_77/g_78/g_79/g_83/line_6 6.0 1.0 0.0 0.0 0.0 0.0 0.0 0.6921060486121025 0.0 0.0 1.5451170148262331e-06 0.7080867850098619 0.42384887839433294 0.08453757225433527 0.07810413885180241 0.07920792079207921 0.5548686244204019 0.006675567423230975 0.0 0.0
svg/svg/g/g_1/g_2/g_3/g_77/g_78/g_79/g_83/line_7 6.0 1.0 0.0 0.0 0.0 0.0 0.0 0.6921060486121025 0.0 0.0 1.5451260966446626e-06 0.8816568047337278 0.5277449822904369 0.08453757225433527 0.07810413885180241 0.07920792079207921 0.6908809891808346 0.006675567423230975 0.0 0.0
svg/svg/g/g_1/g_2/g_3/g_77/g_78/path_57 2.0 1.0 0.0 0.0 0.0 0.0 0.0 0.0 0.0 0.0 1.545725496660994e-08 0.0 0.0 0.0072254335260115606 0.0 0.0 0.0 0.0 0.0 0.0
svg/svg/g/g_1/g_2/g_3/g_84/g_85/path_58 2.0 1.0 0.0 0.0 0.0 0.0 0.0 0.0 0.0 0.0 1.634727317267796e-08 0.0 0.0 0.0072254335260115606 0.0 0.0 0.0 0.0 0.0 0.0
svg/svg/g/g_1/g_2/g_3/g_84/g_85/g_86/g_87/text_84 9.0 1.0 0.0 0.0 0.0 0.0 0.0 0.0 0.0 0.0 1.6356354991107229e-06 1.0 0.6245572609208973 0.5180635838150289 0.5253671562082777 0.5282885431400283 0.8006182380216383 0.0534045393858478 0.04230769230769231 0.0022594228201704837
svg/svg/g/g_1/g_2/g_3/g_84/g_85/g_86/g_88/line_8 6.0 1.0 0.0 0.0 0.0 0.0 0.0 0.6921060486121025 0.0 0.0 1.6357263172950156e-06 0.8816568047337278 0.5277449822904369 0.08453757225433527 0.8724966622162884 0.5 0.6908809891808346 0.8010680907877169 0.0 0.0
svg/svg/g/g_1/g_2/g_3/g_84/g_85/g_86/g_89/text_85 9.0 1.0 0.0 0.0 0.0 0.0 0.0 0.0 0.0 0.0 1.635817135479308e-06 0.9408284023668639 0.5867768595041323 0.9361257225433526 0.9116141522029372 0.9374809052333805 0.7527047913446677 0.0534045393858478 0.038461538461538464 0.002054020745609531
svg/svg/g/g_1/g_2/g_3/g_84/g_85/g_86/g_89/text_86 9.0 1.0 0.0 0.0 0.0 0.0 0.0 0.0 0.0 0.0 1.6358262172977374e-06 0.9408284023668639 0.5867768595041323 0.8864219653179191 0.8656929238985314 0.8888316831683168 0.7527047913446677 0.0534045393858478 0.038461538461538464 0.002054020745609531
svg/svg/g/g_1/g_2/g_3/g_84/g_85/g_86/g_89/text_87 9.0 1.0 0.0 0.0 0.0 0.0 0.0 0.0 0.0 0.0 1.6358352991161667e-06 0.9408284023668639 0.5867768595041323 0.8350621387283238 0.818241655540721 0.8385615275813296 0.7527047913446677 0.0534045393858478 0.038461538461538464 0.002054020745609531
svg/svg/g/g_1/g_2/g_3/g_84/g_85/g_86/g_89/text_88 9.0 1.0 0.0 0.0 0.0 0.0 0.0 0.0 0.0 0.0 1.635844380934596e-06 0.9408284023668639 0.5867768595041323 0.7837023121387283 0.7707903871829106 0.7882913719943423 0.7527047913446677 0.0534045393858478 0.038461538461538464 0.002054020745609531
svg/svg/g/g_1/g_2/g_3/g_84/g_85/g_86/g_89/text_89 9.0 1.0 0.0 0.0 0.0 0.0 0.0 0.0 0.0 0.0 1.6358534627530252e-06 0.9408284023668639 0.5867768595041323 0.7339985549132948 0.7248691588785047 0.7396421499292787 0.7527047913446677 0.0534045393858478 0.038461538461538464 0.002054020745609531
svg/svg/g/g_1/g_2/g_3/g_84/g_85/g_86/g_89/text_90 9.0 1.0 0.0 0.0 0.0 0.0 0.0 0.0 0.0 0.0 1.6358625445714545e-06 0.9408284023668639 0.5867768595041323 0.6826372832369942 0.6774165554072096 0.6893705799151344 0.7527047913446677 0.0534045393858478 0.038461538461538464 0.002054020745609531
svg/svg/g/g_1/g_2/g_3/g_84/g_85/g_86/g_89/text_91 9.0 1.0 0.0 0.0 0.0 0.0 0.0 0.0 0.0 0.0 1.6358716263898836e-06 0.9408284023668639 0.5867768595041323 0.6329335260115607 0.6314953271028038 0.6407213578500708 0.7527047913446677 0.0534045393858478 0.038461538461538464 0.002054020745609531
svg/svg/g/g_1/g_2/g_3/g_84/g_85/g_86/g_89/text_92 9.0 1.0 0.0 0.0 0.0 0.0 0.0 0.0 0.0 0.0 1.6358807082083131e-06 0.9408284023668639 0.5867768595041323 0.5815736994219654 0.5840440587449933 0.5904512022630835 0.7527047913446677 0.0534045393858478 0.038461538461538464 0.002054020745609531
svg/svg/g/g_1/g_2/g_3/g_84/g_85/g_86/g_89/text_93 9.0 1.0 0.0 0.0 0.0 0.0 0.0 0.0 0.0 0.0 1.6358897900267422e-06 0.9408284023668639 0.5867768595041323 0.5351835260115607 0.5411842456608812 0.545045261669024 0.7527047913446677 0.0534045393858478 0.038461538461538464 0.002054020745609531
svg/svg/g/g_1/g_2/g_3/g_84/g_85/g_86/g_89/text_94 9.0 1.0 0.0 0.0 0.0 0.0 0.0 0.0 0.0 0.0 1.6358988718451717e-06 0.9408284023668639 0.5867768595041323 0.4838236994219653 0.49373297730307075 0.49477510608203673 0.7527047913446677 0.0534045393858478 0.038461538461538464 0.002054020745609531
svg/svg/g/g_1/g_2/g_3/g_84/g_85/g_86/g_89/text_95 9.0 1.0 0.0 0.0 0.0 0.0 0.0 0.0 0.0 0.0 1.6358262172977374e-06 0.9408284023668639 0.5867768595041323 0.43246242774566473 0.4462803738317757 0.4445035360678925 0.7527047913446677 0.0534045393858478 0.038461538461538464 0.002054020745609531
svg/svg/g/g_1/g_2/g_3/g_84/g_85/g_86/g_89/text_96 9.0 1.0 0.0 0.0 0.0 0.0 0.0 0.0 0.0 0.0 1.6358271254795804e-06 0.9408284023668639 0.5867768595041323 0.38275867052023127 0.40035914552736984 0.3958543140028289 0.7527047913446677 0.0534045393858478 0.038461538461538464 0.002054020745609531
svg/svg/g/g_1/g_2/g_3/g_84/g_85/g_86/g_89/text_97 9.0 1.0 0.0 0.0 0.0 0.0 0.0 0.0 0.0 0.0 1.635828033661423e-06 0.9408284023668639 0.5867768595041323 0.33139884393063584 0.3529078771695594 0.3455841584158416 0.7527047913446677 0.0534045393858478 0.038461538461538464 0.002054020745609531
svg/svg/g/g_1/g_2/g_3/g_84/g_85/g_86/g_89/text_98 9.0 1.0 0.0 0.0 0.0 0.0 0.0 0.0 0.0 0.0 1.6358289418432663e-06 0.9408284023668639 0.5867768595041323 0.2816950867052023 0.30698664886515353 0.29693493635077794 0.7527047913446677 0.0534045393858478 0.038461538461538464 0.002054020745609531
svg/svg/g/g_1/g_2/g_3/g_84/g_85/g_86/g_89/text_99 9.0 1.0 0.0 0.0 0.0 0.0 0.0 0.0 0.0 0.0 1.635829850025109e-06 0.9408284023668639 0.5867768595041323 0.23033526011560693 0.2595353805073431 0.24666478076379067 0.7527047913446677 0.0534045393858478 0.038461538461538464 0.002054020745609531
svg/svg/g/g_1/g_2/g_3/g_84/g_85/g_86/g_89/text_100 9.0 1.0 0.0 0.0 0.0 0.0 0.0 0.0 0.0 0.0 1.6358307582069522e-06 0.9408284023668639 0.5867768595041323 0.17897398843930634 0.21208277703604805 0.19639321074964639 0.7527047913446677 0.0534045393858478 0.038461538461538464 0.002054020745609531
svg/svg/g/g_1/g_2/g_3/g_84/g_85/g_86/g_89/text_101 9.0 1.0 0.0 0.0 0.0 0.0 0.0 0.0 0.0 0.0 1.6358316663887949e-06 0.9408284023668639 0.5867768595041323 0.12927023121387282 0.16616154873164218 0.14774398868458274 0.7527047913446677 0.0534045393858478 0.038461538461538464 0.002054020745609531
svg/svg/g/g_1/g_2/g_3/g_84/g_85/g_86/g_90/line_9 6.0 1.0 0.0 0.0 0.0 0.0 0.0 0.6921060486121025 0.0 0.0 1.6359079536636008e-06 0.8816568047337278 0.5395513577331759 0.9356936416184971 0.8578104138851802 0.9087694483734088 0.6986089644513137 0.0 0.019230769230769232 0.0
svg/svg/g/g_1/g_2/g_3/g_84/g_85/g_86/g_90/line_10 6.0 1.0 0.0 0.0 0.0 0.0 0.0 0.6921060486121025 0.0 0.0 1.6359170354820299e-06 0.8816568047337278 0.5395513577331759 0.8865606936416185 0.8124165554072096 0.8606789250353607 0.6986089644513137 0.0 0.019230769230769232 0.0
svg/svg/g/g_1/g_2/g_3/g_84/g_85/g_86/g_90/line_11 6.0 1.0 0.0 0.0 0.0 0.0 0.0 0.6921060486121025 0.0 0.0 1.6359261173004594e-06 0.8816568047337278 0.5395513577331759 0.8345375722543352 0.7643524699599465 0.8097595473833098 0.6986089644513137 0.0 0.019230769230769232 0.0
svg/svg/g/g_1/g_2/g_3/g_84/g_85/g_86/g_90/line_12 6.0 1.0 0.0 0.0 0.0 0.0 0.0 0.6921060486121025 0.0 0.0 1.6359351991188885e-06 0.8816568047337278 0.5395513577331759 0.7839595375722543 0.7176234979973297 0.7602545968882602 0.6986089644513137 0.0 0.019230769230769232 0.0
svg/svg/g/g_1/g_2/g_3/g_84/g_85/g_86/g_90/line_13 6.0 1.0 0.0 0.0 0.0 0.0 0.0 0.6921060486121025 0.0 0.0 1.635944280937318e-06 0.8816568047337278 0.5395513577331759 0.7333815028901735 0.670894526034713 0.7107496463932107 0.6986089644513137 0.0 0.019230769230769232 0.0
svg/svg/g/g_1/g_2/g_3/g_84/g_85/g_86/g_90/line_14 6.0 1.0 0.0 0.0 0.0 0.0 0.0 0.6921060486121025 0.0 0.0 1.635953362755747e-06 0.8816568047337278 0.5395513577331759 0.6828034682080925 0.6241655540720962 0.6612446958981613 0.6986089644513137 0.0 0.019230769230769232 0.0
svg/svg/g/g_1/g_2/g_3/g_84/g_85/g_86/g_90/line_15 6.0 1.0 0.0 0.0 0.0 0.0 0.0 0.6921060486121025 0.0 0.0 1.6359624445741763e-06 0.8816568047337278 0.5395513577331759 0.6322254335260116 0.5774365821094793 0.6117397454031117 0.6986089644513137 0.0 0.019230769230769232 0.0
svg/svg/g/g_1/g_2/g_3/g_84/g_85/g_86/g_90/line_16 6.0 1.0 0.0 0.0 0.0 0.0 0.0 0.6921060486121025 0.0 0.0 1.6359715263926056e-06 0.8816568047337278 0.5395513577331759 0.5816473988439307 0.5307076101468625 0.5622347949080623 0.6986089644513137 0.0 0.019230769230769232 0.0
svg/svg/g/g_1/g_2/g_3/g_84/g_85/g_86/g_90/line_17 6.0 1.0 0.0 0.0 0.0 0.0 0.0 0.6921060486121025 0.0 0.0 1.635980608211035e-06 0.8816568047337278 0.5395513577331759 0.5354046242774566 0.48798397863818427 0.516973125884017 0.6986089644513137 0.0 0.019230769230769232 0.0
svg/svg/g/g_1/g_2/g_3/g_84/g_85/g_86/g_90/line_18 6.0 1.0 0.0 0.0 0.0 0.0 0.0 0.6921060486121025 0.0 0.0 1.6359896900294642e-06 0.8816568047337278 0.5395513577331759 0.4833815028901734 0.43991989319092123 0.46605374823196605 0.6986089644513137 0.0 0.019230769230769232 0.0
svg/svg/g/g_1/g_2/g_3/g_84/g_85/g_86/g_90/line_19 6.0 1.0 0.0 0.0 0.0 0.0 0.0 0.6921060486121025 0.0 0.0 1.6359170354820299e-06 0.8816568047337278 0.5395513577331759 0.4328034682080925 0.3931909212283044 0.41654879773691655 0.6986089644513137 0.0 0.019230769230769232 0.0
svg/svg/g/g_1/g_2/g_3/g_84/g_85/g_86/g_90/line_20 6.0 1.0 0.0 0.0 0.0 0.0 0.0 0.6921060486121025 0.0 0.0 1.6359179436638731e-06 0.8816568047337278 0.5395513577331759 0.38222543352601157 0.3464619492656876 0.36704384724186706 0.6986089644513137 0.0 0.019230769230769232 0.0
svg/svg/g/g_1/g_2/g_3/g_84/g_85/g_86/g_90/line_21 6.0 1.0 0.0 0.0 0.0 0.0 0.0 0.6921060486121025 0.0 0.0 1.6359188518457158e-06 0.8816568047337278 0.5395513577331759 0.33164739884393063 0.29973297730307075 0.3175388967468175 0.6986089644513137 0.0 0.019230769230769232 0.0
svg/svg/g/g_1/g_2/g_3/g_84/g_85/g_86/g_90/line_22 6.0 1.0 0.0 0.0 0.0 0.0 0.0 0.6921060486121025 0.0 0.0 1.6359197600275588e-06 0.8816568047337278 0.5395513577331759 0.2810693641618497 0.2530040053404539 0.268033946251768 0.6986089644513137 0.0 0.019230769230769232 0.0
svg/svg/g/g_1/g_2/g_3/g_84/g_85/g_86/g_90/line_23 6.0 1.0 0.0 0.0 0.0 0.0 0.0 0.6921060486121025 0.0 0.0 1.6359206682094017e-06 0.8816568047337278 0.5395513577331759 0.23049132947976878 0.20627503337783712 0.21852899575671852 0.6986089644513137 0.0 0.019230769230769232 0.0
svg/svg/g/g_1/g_2/g_3/g_84/g_85/g_86/g_90/line_24 6.0 1.0 0.0 0.0 0.0 0.0 0.0 0.6921060486121025 0.0 0.0 1.6359215763912447e-06 0.8816568047337278 0.5395513577331759 0.17846820809248554 0.1582109479305741 0.1676096181046676 0.6986089644513137 0.0 0.019230769230769232 0.0
svg/svg/g/g_1/g_2/g_3/g_84/g_85/g_86/g_90/line_25 6.0 1.0 0.0 0.0 0.0 0.0 0.0 0.6921060486121025 0.0 0.0 1.6359224845730876e-06 0.8816568047337278 0.5395513577331759 0.12933526011560695 0.11281708945260348 0.11951909476661952 0.6986089644513137 0.0 0.019230769230769232 0.0
svg/svg/g/g_1/g_2/g_3/g_84/g_85/path_59 2.0 1.0 0.0 0.0 0.0 0.0 0.0 0.0 0.0 0.0 1.6365436809536494e-08 0.0 0.0 0.0072254335260115606 0.0 0.0 0.0 0.0 0.0 0.0
svg/svg/g/g_1/g_2/path_60 2.0 1.0 0.0 0.0 0.0 0.0 0.0 0.0 0.0 0.0 1.8163636858531072e-11 0.0 0.0 0.0072254335260115606 0.0 0.0 0.0 0.0 0.0 0.0
svg/svg/rect 3.0 1.0 0.0 0.0 1.0 0.0 0.0 0.0 0.0 0.0 9.081818429265536e-12 0.0 0.6139315230224321 0.0072254335260115606 1.0 0.5297029702970297 0.401854714064915 1.0 1.0 1.0
