svg/svg/g/text 9.0 1.0 0.0 0.0 0.0 0.0 0.0 0.0 1.0 0.0 0.0 1.0 1.0 0.0 0.0 0.0 1.0 0.02631578947368421 0.0 0.0
svg/svg/g/text_1 9.0 1.0 0.0 0.0 0.0 0.0 0.0 0.0 1.0 0.0 4.5431829539775575e-05 0.9803921568627451 0.9803729146221786 0.0 0.0 0.0 0.9803729146221786 0.02631578947368421 0.0 0.0
svg/svg/g_1/g_2/title 32.0 1.0 0.0 0.0 0.0 0.0 0.0 0.0 1.0 0.0 0.0045431829539775564 0.4549019607843137 0.8979391560353287 0.5093304061470911 0.9747530186608123 0.7420417124039517 0.676153091265947 0.49122807017543857 0.49344978165938863 0.24958173774026843
svg/svg/g_1/g_2/text_2 9.0 1.0 0.0 0.0 0.0 0.0 0.0 0.0 1.0 0.0 0.004588614783517332 0.8196078431372549 0.8194308145240432 1.0 1.0 1.0 0.8194308145240432 0.02631578947368421 0.0 0.0
svg/svg/g_1/g_2/text_2/tspan 23.0 1.0 0.0 0.0 0.0 0.0 0.0 0.0 1.0 0.0 0.04588614783517332 0.8196078431372549 0.8194308145240432 1.0 1.0 1.0 0.8194308145240432 0.02631578947368421 0.0 0.0
svg/svg/g_1/g_2/text_2/tspan_1 23.0 1.0 0.0 0.0 0.0 0.0 0.0 0.0 1.0 0.0 0.0459315796647131 0.8196078431372549 0.8194308145240432 1.0 1.0 1.0 0.8194308145240432 0.02631578947368421 0.0 0.0
svg/svg/g_1/g_2/clipPath/use 11.0 1.0 0.0 0.0 0.0 0.0 0.0 0.0 1.0 0.0 0.04634046613057108 0.4549019607843137 0.8979391560353287 0.5093304061470911 0.9747530186608123 0.7420417124039517 0.676153091265947 0.49122807017543857 0.49344978165938863 0.24958173774026843
svg/svg/g_1/g_2/rect 3.0 1.0 0.07792540312480867 1.0 1.0 0.0 0.0 0.0 1.0 0.0 0.0046794784425968836 0.8196078431372549 0.8969578017664377 1.0 0.973655323819978 0.986827661909989 0.8581943081452404 0.0 0.08624454148471616 0.001133955459716697
svg/svg/g_1/g_3/title_1 32.0 1.0 0.0 0.0 0.0 0.0 0.0 0.0 1.0 0.0 0.004997501249375313 0.4549019607843137 0.8979391560353287 0.5093304061470911 0.9747530186608123 0.7420417124039517 0.676153091265947 0.49122807017543857 0.49344978165938863 0.24958173774026843
svg/svg/g_1/g_3/text_3 9.0 1.0 0.0 0.0 0.0 0.0 0.0 0.0 1.0 0.0 0.005042933078915088 0.8607843137254902 0.8606476938174681 0.9099890230515917 0.9099890230515917 0.9099890230515917 0.8606476938174681 0.02631578947368421 0.0 0.0
svg/svg/g_1/g_3/text_3/tspan_2 23.0 1.0 0.0 0.0 0.0 0.0 0.0 0.0 1.0 0.0 0.05042933078915088 0.8607843137254902 0.8606476938174681 0.9099890230515917 0.9099890230515917 0.9099890230515917 0.8606476938174681 0.02631578947368421 0.0 0.0
svg/svg/g_1/g_3/text_3/tspan_3 23.0 1.0 0.0 0.0 0.0 0.0 0.0 0.0 1.0 0.0 0.050474762618690654 0.8607843137254902 0.8606476938174681 0.9099890230515917 0.9099890230515917 0.9099890230515917 0.8606476938174681 0.02631578947368421 0.0 0.0
svg/svg/g_1/g_3/clipPath_1/use_1 11.0 1.0 0.0 0.0 0.0 0.0 0.0 0.0 1.0 0.0 0.050883649084548635 0.4549019607843137 0.8979391560353287 0.5093304061470911 0.9747530186608123 0.7420417124039517 0.676153091265947 0.49122807017543857 0.49344978165938863 0.24958173774026843
svg/svg/g_1/g_3/rect_1 3.0 1.0 0.07792540312480867 1.0 1.0 0.0 0.0 0.0 1.0 0.0 0.00513379673799464 0.8607843137254902 0.8969578017664377 0.9099890230515917 0.9549945115257958 0.9324917672886938 0.8788027477919529 0.0712719298245614 0.04039301310043668 0.004053658400565119
svg/svg/g_1/g_4/title_2 32.0 1.0 0.0 0.0 0.0 0.0 0.0 0.0 1.0 0.0 0.005451819544773068 0.4549019607843137 0.8979391560353287 0.5093304061470911 0.9747530186608123 0.7420417124039517 0.676153091265947 0.49122807017543857 0.49344978165938863 0.24958173774026843
svg/svg/g_1/g_4/text_4 9.0 1.0 0.0 0.0 0.0 0.0 0.0 0.0 1.0 0.0 0.005497251374312844 0.8196078431372549 0.8194308145240432 0.9099890230515917 0.9099890230515917 0.9099890230515917 0.8194308145240432 0.02631578947368421 0.0 0.0
svg/svg/g_1/g_4/text_4/tspan_4 23.0 1.0 0.0 0.0 0.0 0.0 0.0 0.0 1.0 0.0 0.05497251374312844 0.8196078431372549 0.8194308145240432 0.9099890230515917 0.9099890230515917 0.9099890230515917 0.8194308145240432 0.02631578947368421 0.0 0.0
svg/svg/g_1/g_4/text_4/tspan_5 23.0 1.0 0.0 0.0 0.0 0.0 0.0 0.0 1.0 0.0 0.05501794557266821 0.8196078431372549 0.8194308145240432 0.9099890230515917 0.9099890230515917 0.9099890230515917 0.8194308145240432 0.02631578947368421 0.0 0.0
svg/svg/g_1/g_4/clipPath_2/use_2 11.0 1.0 0.0 0.0 0.0 0.0 0.0 0.0 1.0 0.0 0.05542683203852619 0.4549019607843137 0.8979391560353287 0.5093304061470911 0.9747530186608123 0.7420417124039517 0.676153091265947 0.49122807017543857 0.49344978165938863 0.24958173774026843
svg/svg/g_1/g_4/rect_2 3.0 1.0 0.07792540312480867 1.0 1.0 0.0 0.0 0.0 1.0 0.0 0.005588115033392395 0.8196078431372549 0.8478900883218842 0.9099890230515917 0.9549945115257958 0.9324917672886938 0.8336604514229637 0.0712719298245614 0.03165938864628821 0.0033007863330482955
svg/svg/g_1/g_5/title_3 32.0 1.0 0.0 0.0 0.0 0.0 0.0 0.0 1.0 0.0 0.005906137840170824 0.4549019607843137 0.8979391560353287 0.5093304061470911 0.9747530186608123 0.7420417124039517 0.676153091265947 0.49122807017543857 0.49344978165938863 0.24958173774026843
svg/svg/g_1/g_5/text_5 9.0 1.0 0.0 0.0 0.0 0.0 0.0 0.0 1.0 0.0 0.005951569669710599 0.7411764705882353 0.7409224730127576 0.9813391877058177 0.9813391877058177 0.9813391877058177 0.7409224730127576 0.02631578947368421 0.0 0.0
svg/svg/g_1/g_5/text_5/tspan_6 23.0 1.0 0.0 0.0 0.0 0.0 0.0 0.0 1.0 0.0 0.059515696697106 0.7411764705882353 0.7409224730127576 0.9813391877058177 0.9813391877058177 0.9813391877058177 0.7409224730127576 0.02631578947368421 0.0 0.0
svg/svg/g_1/g_5/text_5/tspan_7 23.0 1.0 0.0 0.0 0.0 0.0 0.0 0.0 1.0 0.0 0.05956112852664577 0.7411764705882353 0.7409224730127576 0.9813391877058177 0.9813391877058177 0.9813391877058177 0.7409224730127576 0.02631578947368421 0.0 0.0
svg/svg/g_1/g_5/clipPath_3/use_3 11.0 1.0 0.0 0.0 0.0 0.0 0.0 0.0 1.0 0.0 0.05997001499250375 0.4549019607843137 0.8979391560353287 0.5093304061470911 0.9747530186608123 0.7420417124039517 0.676153091265947 0.49122807017543857 0.49344978165938863 0.24958173774026843
svg/svg/g_1/g_5/rect_3 3.0 1.0 0.07792540312480867 1.0 1.0 0.0 0.0 0.0 1.0 0.0 0.006042433328790151 0.7411764705882353 0.8066732090284593 0.9813391877058177 0.973655323819978 0.9774972557628979 0.7737978410206084 0.01864035087719298 0.07314410480349345 0.002471232851247351
svg/svg/g_1/g_6/title_4 32.0 1.0 0.0 0.0 0.0 0.0 0.0 0.0 1.0 0.0 0.006360456135568579 0.4549019607843137 0.8979391560353287 0.5093304061470911 0.9747530186608123 0.7420417124039517 0.676153091265947 0.49122807017543857 0.49344978165938863 0.24958173774026843
svg/svg/g_1/g_6/text_6 9.0 1.0 0.0 0.0 0.0 0.0 0.0 0.0 1.0 0.0 0.006405887965108355 0.7411764705882353 0.7409224730127576 0.9099890230515917 0.9099890230515917 0.9099890230515917 0.7409224730127576 0.02631578947368421 0.0 0.0
svg/svg/g_1/g_6/text_6/tspan_8 23.0 1.0 0.0 0.0 0.0 0.0 0.0 0.0 1.0 0.0 0.06405887965108355 0.7411764705882353 0.7409224730127576 0.9099890230515917 0.9099890230515917 0.9099890230515917 0.7409224730127576 0.02631578947368421 0.0 0.0
svg/svg/g_1/g_6/text_6/tspan_9 23.0 1.0 0.0 0.0 0.0 0.0 0.0 0.0 1.0 0.0 0.06410431148062333 0.7411764705882353 0.7409224730127576 0.9099890230515917 0.9099890230515917 0.9099890230515917 0.7409224730127576 0.02631578947368421 0.0 0.0
svg/svg/g_1/g_6/clipPath_4/use_4 11.0 1.0 0.0 0.0 0.0 0.0 0.0 0.0 1.0 0.0 0.0645131979464813 0.4549019607843137 0.8979391560353287 0.5093304061470911 0.9747530186608123 0.7420417124039517 0.676153091265947 0.49122807017543857 0.49344978165938863 0.24958173774026843
svg/svg/g_1/g_6/rect_4 3.0 1.0 0.07792540312480867 1.0 1.0 0.0 0.0 0.0 1.0 0.0 0.0064967516241879065 0.7411764705882353 0.8066732090284593 0.9099890230515917 0.9363336992316136 0.9231613611416026 0.7737978410206084 0.05263157894736842 0.07314410480349345 0.005316578057032383
svg/svg/g_1/g_7/title_5 32.0 1.0 0.0 0.0 0.0 0.0 0.0 0.0 1.0 0.0 0.0068147744309663355 0.4549019607843137 0.8979391560353287 0.5093304061470911 0.9747530186608123 0.7420417124039517 0.676153091265947 0.49122807017543857 0.49344978165938863 0.24958173774026843
svg/svg/g_1/g_7/text_7 9.0 1.0 0.0 0.0 0.0 0.0 0.0 0.0 1.0 0.0 0.00686020626050611 0.5588235294117647 0.5583905789990187 0.9835345773874863 0.9835345773874863 0.9835345773874863 0.5583905789990187 0.02631578947368421 0.0 0.0
svg/svg/g_1/g_7/text_7/tspan_10 23.0 1.0 0.0 0.0 0.0 0.0 0.0 0.0 1.0 0.0 0.0686020626050611 0.5588235294117647 0.5583905789990187 0.9835345773874863 0.9835345773874863 0.9835345773874863 0.5583905789990187 0.02631578947368421 0.0 0.0
svg/svg/g_1/g_7/text_7/tspan_11 23.0 1.0 0.0 0.0 0.0 0.0 0.0 0.0 1.0 0.0 0.06864749443460089 0.5588235294117647 0.5583905789990187 0.9835345773874863 0.9835345773874863 0.9835345773874863 0.5583905789990187 0.02631578947368421 0.0 0.0
svg/svg/g_1/g_7/clipPath_5/use_5 11.0 1.0 0.0 0.0 0.0 0.0 0.0 0.0 1.0 0.0 0.06905638090045886 0.4549019607843137 0.8979391560353287 0.5093304061470911 0.9747530186608123 0.7420417124039517 0.676153091265947 0.49122807017543857 0.49344978165938863 0.24958173774026843
svg/svg/g_1/g_7/rect_5 3.0 1.0 0.07792540312480867 1.0 1.0 0.0 0.0 0.0 1.0 0.0 0.006951069919585663 0.5588235294117647 0.7281648675171737 0.9835345773874863 0.973655323819978 0.9785949506037321 0.6432777232580962 0.01644736842105263 0.1888646288209607 0.006105467152470536
svg/svg/g_1/g_8/title_6 32.0 1.0 0.0 0.0 0.0 0.0 0.0 0.0 1.0 0.0 0.007269092726364091 0.4549019607843137 0.8979391560353287 0.5093304061470911 0.9747530186608123 0.7420417124039517 0.676153091265947 0.49122807017543857 0.49344978165938863 0.24958173774026843
svg/svg/g_1/g_8/text_8 9.0 1.0 0.0 0.0 0.0 0.0 0.0 0.0 1.0 0.0 0.007314524555903867 0.5588235294117647 0.5583905789990187 0.9099890230515917 0.9099890230515917 0.9099890230515917 0.5583905789990187 0.02631578947368421 0.0 0.0
svg/svg/g_1/g_8/text_8/tspan_12 23.0 1.0 0.0 0.0 0.0 0.0 0.0 0.0 1.0 0.0 0.07314524555903866 0.5588235294117647 0.5583905789990187 0.9099890230515917 0.9099890230515917 0.9099890230515917 0.5583905789990187 0.02631578947368421 0.0 0.0
svg/svg/g_1/g_8/text_8/tspan_13 23.0 1.0 0.0 0.0 0.0 0.0 0.0 0.0 1.0 0.0 0.07319067738857844 0.5588235294117647 0.5583905789990187 0.9099890230515917 0.9099890230515917 0.9099890230515917 0.5583905789990187 0.02631578947368421 0.0 0.0
svg/svg/g_1/g_8/clipPath_6/use_6 11.0 1.0 0.0 0.0 0.0 0.0 0.0 0.0 1.0 0.0 0.07359956385443642 0.4549019607843137 0.8979391560353287 0.5093304061470911 0.9747530186608123 0.7420417124039517 0.676153091265947 0.49122807017543857 0.49344978165938863 0.24958173774026843
svg/svg/g_1/g_8/rect_6 3.0 1.0 0.07792540312480867 1.0 1.0 0.0 0.0 0.0 1.0 0.0 0.007405388214983418 0.5588235294117647 0.7281648675171737 0.9099890230515917 0.9385290889132821 0.9242590559824369 0.6432777232580962 0.05482456140350877 0.1888646288209607 0.013628378629586943
svg/svg/g_1/g_9/title_7 32.0 1.0 0.0 0.0 0.0 0.0 0.0 0.0 1.0 0.0 0.007723411021761847 0.4549019607843137 0.8979391560353287 0.5093304061470911 0.9747530186608123 0.7420417124039517 0.676153091265947 0.49122807017543857 0.49344978165938863 0.24958173774026843
svg/svg/g_1/g_9/text_9 9.0 1.0 0.0 0.0 0.0 0.0 0.0 0.0 1.0 0.0 0.007768842851301623 0.4470588235294118 0.4465161923454367 0.9099890230515917 0.9099890230515917 0.9099890230515917 0.4465161923454367 0.02631578947368421 0.0 0.0
svg/svg/g_1/g_9/text_9/tspan_14 23.0 1.0 0.0 0.0 0.0 0.0 0.0 0.0 1.0 0.0 0.07768842851301622 0.4470588235294118 0.4465161923454367 0.9099890230515917 0.9099890230515917 0.9099890230515917 0.4465161923454367 0.02631578947368421 0.0 0.0
svg/svg/g_1/g_9/text_9/tspan_15 23.0 1.0 0.0 0.0 0.0 0.0 0.0 0.0 1.0 0.0 0.077733860342556 0.4470588235294118 0.4465161923454367 0.9099890230515917 0.9099890230515917 0.9099890230515917 0.4465161923454367 0.02631578947368421 0.0 0.0
svg/svg/g_1/g_9/clipPath_7/use_7 11.0 1.0 0.0 0.0 0.0 0.0 0.0 0.0 1.0 0.0 0.07814274680841397 0.4549019607843137 0.8979391560353287 0.5093304061470911 0.9747530186608123 0.7420417124039517 0.676153091265947 0.49122807017543857 0.49344978165938863 0.24958173774026843
svg/svg/g_1/g_9/rect_7 3.0 1.0 0.07792540312480867 1.0 1.0 0.0 0.0 0.0 1.0 0.0 0.007859706510381174 0.4470588235294118 0.5456329735034348 0.9099890230515917 0.973655323819978 0.9418221734357849 0.49607458292443574 0.08991228070175439 0.11026200873362445 0.01230852883221177
svg/svg/g_1/g_10/title_8 32.0 1.0 0.0 0.0 0.0 0.0 0.0 0.0 1.0 0.0 0.008177729317159602 0.4549019607843137 0.8979391560353287 0.5093304061470911 0.9747530186608123 0.7420417124039517 0.676153091265947 0.49122807017543857 0.49344978165938863 0.24958173774026843
svg/svg/g_1/g_10/text_10 9.0 1.0 0.0 0.0 0.0 0.0 0.0 0.0 1.0 0.0 0.008223161146699378 0.8735294117647059 0.873405299313052 0.8529088913282108 0.8529088913282108 0.8529088913282108 0.873405299313052 0.02631578947368421 0.0 0.0
svg/svg/g_1/g_10/text_10/tspan_16 23.0 1.0 0.0 0.0 0.0 0.0 0.0 0.0 1.0 0.0 0.08223161146699377 0.8735294117647059 0.873405299313052 0.8529088913282108 0.8529088913282108 0.8529088913282108 0.873405299313052 0.02631578947368421 0.0 0.0
svg/svg/g_1/g_10/text_10/tspan_17 23.0 1.0 0.0 0.0 0.0 0.0 0.0 0.0 1.0 0.0 0.08227704329653356 0.8735294117647059 0.873405299313052 0.8529088913282108 0.8529088913282108 0.8529088913282108 0.873405299313052 0.02631578947368421 0.0 0.0
svg/svg/g_1/g_10/clipPath_8/use_8 11.0 1.0 0.0 0.0 0.0 0.0 0.0 0.0 1.0 0.0 0.08268592976239153 0.4549019607843137 0.8979391560353287 0.5093304061470911 0.9747530186608123 0.7420417124039517 0.676153091265947 0.49122807017543857 0.49344978165938863 0.24958173774026843
svg/svg/g_1/g_10/rect_8 3.0 1.0 0.07792540312480867 1.0 1.0 0.0 0.0 0.0 1.0 0.0 0.00831402480577893 0.8735294117647059 0.8969578017664377 0.8529088913282108 0.8638858397365532 0.858397365532382 0.8851815505397449 0.03728070175438596 0.026200873362445413 0.001533628285682418
svg/svg/g_1/g_11/title_9 32.0 1.0 0.0 0.0 0.0 0.0 0.0 0.0 1.0 0.0 0.008632047612557358 0.4549019607843137 0.8979391560353287 0.5093304061470911 0.9747530186608123 0.7420417124039517 0.676153091265947 0.49122807017543857 0.49344978165938863 0.24958173774026843
svg/svg/g_1/g_11/text_11 9.0 1.0 0.0 0.0 0.0 0.0 0.0 0.0 1.0 0.0 0.008677479442097135 0.7990196078431373 0.7988223748773308 0.8529088913282108 0.8529088913282108 0.8529088913282108 0.7988223748773308 0.02631578947368421 0.0 0.0
svg/svg/g_1/g_11/text_11/tspan_18 23.0 1.0 0.0 0.0 0.0 0.0 0.0 0.0 1.0 0.0 0.08677479442097133 0.7990196078431373 0.7988223748773308 0.8529088913282108 0.8529088913282108 0.8529088913282108 0.7988223748773308 0.02631578947368421 0.0 0.0
svg/svg/g_1/g_11/text_11/tspan_19 23.0 1.0 0.0 0.0 0.0 0.0 0.0 0.0 1.0 0.0 0.08682022625051111 0.7990196078431373 0.7988223748773308 0.8529088913282108 0.8529088913282108 0.8529088913282108 0.7988223748773308 0.02631578947368421 0.0 0.0
svg/svg/g_1/g_11/clipPath_9/use_9 11.0 1.0 0.0 0.0 0.0 0.0 0.0 0.0 1.0 0.0 0.08722911271636909 0.4549019607843137 0.8979391560353287 0.5093304061470911 0.9747530186608123 0.7420417124039517 0.676153091265947 0.49122807017543857 0.49344978165938863 0.24958173774026843
svg/svg/g_1/g_11/rect_9 3.0 1.0 0.07792540312480867 1.0 1.0 0.0 0.0 0.0 1.0 0.0 0.008768343101176685 0.7990196078431373 0.8606476938174681 0.8529088913282108 0.8638858397365532 0.858397365532382 0.8297350343473994 0.03728070175438596 0.06877729257641921 0.0037992155258950813
svg/svg/g_1/g_12/title_10 32.0 1.0 0.0 0.0 0.0 0.0 0.0 0.0 1.0 0.0 0.04997501249375313 0.4549019607843137 0.8979391560353287 0.5093304061470911 0.9747530186608123 0.7420417124039517 0.676153091265947 0.49122807017543857 0.49344978165938863 0.24958173774026843
svg/svg/g_1/g_12/text_12 9.0 1.0 0.0 0.0 0.0 0.0 0.0 0.0 1.0 0.0 0.0500204443232929 0.7990196078431373 0.7988223748773308 0.7585071350164654 0.7585071350164654 0.7585071350164654 0.7988223748773308 0.02631578947368421 0.0 0.0
svg/svg/g_1/g_12/text_12/tspan_20 23.0 1.0 0.0 0.0 0.0 0.0 0.0 0.0 1.0 0.0 0.500204443232929 0.7990196078431373 0.7988223748773308 0.7585071350164654 0.7585071350164654 0.7585071350164654 0.7988223748773308 0.02631578947368421 0.0 0.0
svg/svg/g_1/g_12/text_12/tspan_21 23.0 1.0 0.0 0.0 0.0 0.0 0.0 0.0 1.0 0.0 0.5002498750624688 0.7990196078431373 0.7988223748773308 0.7585071350164654 0.7585071350164654 0.7585071350164654 0.7988223748773308 0.02631578947368421 0.0 0.0
svg/svg/g_1/g_12/clipPath_10/use_10 11.0 1.0 0.0 0.0 0.0 0.0 0.0 0.0 1.0 0.0 0.5006587615283268 0.4549019607843137 0.8979391560353287 0.5093304061470911 0.9747530186608123 0.7420417124039517 0.676153091265947 0.49122807017543857 0.49344978165938863 0.24958173774026843
svg/svg/g_1/g_12/rect_10 3.0 1.0 0.07792540312480867 1.0 1.0 0.0 0.0 0.0 1.0 0.0 0.05011130798237245 0.7990196078431373 0.8969578017664377 0.7585071350164654 0.8079034028540066 0.783205268935236 0.8478900883218842 0.0756578947368421 0.1091703056768559 0.010503030077703833
svg/svg/g_1/g_13/title_11 32.0 1.0 0.0 0.0 0.0 0.0 0.0 0.0 1.0 0.0 0.05042933078915088 0.4549019607843137 0.8979391560353287 0.5093304061470911 0.9747530186608123 0.7420417124039517 0.676153091265947 0.49122807017543857 0.49344978165938863 0.24958173774026843
svg/svg/g_1/g_13/text_13 9.0 1.0 0.0 0.0 0.0 0.0 0.0 0.0 1.0 0.0 0.050474762618690654 0.7990196078431373 0.7988223748773308 0.5949506037321625 0.5949506037321625 0.5949506037321625 0.7988223748773308 0.02631578947368421 0.0 0.0
svg/svg/g_1/g_13/text_13/tspan_22 23.0 1.0 0.0 0.0 0.0 0.0 0.0 0.0 1.0 0.0 0.5047476261869066 0.7990196078431373 0.7988223748773308 0.5949506037321625 0.5949506037321625 0.5949506037321625 0.7988223748773308 0.02631578947368421 0.0 0.0
svg/svg/g_1/g_13/text_13/tspan_23 23.0 1.0 0.0 0.0 0.0 0.0 0.0 0.0 1.0 0.0 0.5047930580164462 0.7990196078431373 0.7988223748773308 0.5949506037321625 0.5949506037321625 0.5949506037321625 0.7988223748773308 0.02631578947368421 0.0 0.0
svg/svg/g_1/g_13/clipPath_11/use_11 11.0 1.0 0.0 0.0 0.0 0.0 0.0 0.0 1.0 0.0 0.5052019444823044 0.4549019607843137 0.8979391560353287 0.5093304061470911 0.9747530186608123 0.7420417124039517 0.676153091265947 0.49122807017543857 0.49344978165938863 0.24958173774026843
svg/svg/g_1/g_13/rect_11 3.0 1.0 0.07792540312480867 1.0 1.0 0.0 0.0 0.0 1.0 0.0 0.050565626277770205 0.7990196078431373 0.8969578017664377 0.5949506037321625 0.7135016465422612 0.6542261251372119 0.8478900883218842 0.14473684210526316 0.1091703056768559 0.018700970368442576
svg/svg/g_1/g_14/title_12 32.0 1.0 0.0 0.0 0.0 0.0 0.0 0.0 1.0 0.0 0.050883649084548635 0.4549019607843137 0.8979391560353287 0.5093304061470911 0.9747530186608123 0.7420417124039517 0.676153091265947 0.49122807017543857 0.49344978165938863 0.24958173774026843
svg/svg/g_1/g_14/text_14 9.0 1.0 0.0 0.0 0.0 0.0 0.0 0.0 1.0 0.0 0.05092908091408841 0.4470588235294118 0.4465161923454367 0.5949506037321625 0.5949506037321625 0.5949506037321625 0.4465161923454367 0.02631578947368421 0.0 0.0
svg/svg/g_1/g_14/text_14/tspan_24 23.0 1.0 0.0 0.0 0.0 0.0 0.0 0.0 1.0 0.0 0.5092908091408841 0.4470588235294118 0.4465161923454367 0.5949506037321625 0.5949506037321625 0.5949506037321625 0.4465161923454367 0.02631578947368421 0.0 0.0
svg/svg/g_1/g_14/text_14/tspan_25 23.0 1.0 0.0 0.0 0.0 0.0 0.0 0.0 1.0 0.0 0.5093362409704238 0.4470588235294118 0.4465161923454367 0.5949506037321625 0.5949506037321625 0.5949506037321625 0.4465161923454367 0.02631578947368421 0.0 0.0
svg/svg/g_1/g_14/clipPath_12/use_12 11.0 1.0 0.0 0.0 0.0 0.0 0.0 0.0 1.0 0.0 0.5097451274362819 0.4549019607843137 0.8979391560353287 0.5093304061470911 0.9747530186608123 0.7420417124039517 0.676153091265947 0.49122807017543857 0.49344978165938863 0.24958173774026843
svg/svg/g_1/g_14/rect_12 3.0 1.0 0.07792540312480867 1.0 1.0 0.0 0.0 0.0 1.0 0.0 0.05101994457316796 0.4470588235294118 0.7860647693817469 0.5949506037321625 0.8638858397365532 0.7294182217343579 0.6162904808635917 0.2949561403508772 0.3777292576419214 0.1179848124326133
svg/svg/g_1/g_15/title_13 32.0 1.0 0.0 0.0 0.0 0.0 0.0 0.0 1.0 0.0 0.05133796737994639 0.4549019607843137 0.8979391560353287 0.5093304061470911 0.9747530186608123 0.7420417124039517 0.676153091265947 0.49122807017543857 0.49344978165938863 0.24958173774026843
svg/svg/g_1/g_15/text_15 9.0 1.0 0.0 0.0 0.0 0.0 0.0 0.0 1.0 0.0 0.05138339920948617 0.4215686274509804 0.4210009813542689 0.9330406147091108 0.9330406147091108 0.9330406147091108 0.4210009813542689 0.02631578947368421 0.0 0.0
svg/svg/g_1/g_15/text_15/tspan_26 23.0 1.0 0.0 0.0 0.0 0.0 0.0 0.0 1.0 0.0 0.5138339920948617 0.4215686274509804 0.4210009813542689 0.9330406147091108 0.9330406147091108 0.9330406147091108 0.4210009813542689 0.02631578947368421 0.0 0.0
svg/svg/g_1/g_15/text_15/tspan_27 23.0 1.0 0.0 0.0 0.0 0.0 0.0 0.0 1.0 0.0 0.5138794239244014 0.4215686274509804 0.4210009813542689 0.9330406147091108 0.9330406147091108 0.9330406147091108 0.4210009813542689 0.02631578947368421 0.0 0.0
svg/svg/g_1/g_15/clipPath_13/use_13 11.0 1.0 0.0 0.0 0.0 0.0 0.0 0.0 1.0 0.0 0.5142883103902595 0.4549019607843137 0.8979391560353287 0.5093304061470911 0.9747530186608123 0.7420417124039517 0.676153091265947 0.49122807017543857 0.49344978165938863 0.24958173774026843
svg/svg/g_1/g_15/rect_13 3.0 1.0 0.33396601339203713 0.38158000000000003 0.9179427495390409 0.0 0.0 0.0 1.0 0.0 0.05147426286856572 0.4215686274509804 0.43277723258096173 0.9330406147091108 0.973655323819978 0.9533479692645445 0.4268891069676153 0.0668859649122807 0.013100436681222707 0.0015893965869799606
svg/svg/g_1/g_16/title_14 32.0 1.0 0.0 0.0 0.0 0.0 0.0 0.0 1.0 0.0 0.05179228567534415 0.4549019607843137 0.8979391560353287 0.5093304061470911 0.9747530186608123 0.7420417124039517 0.676153091265947 0.49122807017543857 0.49344978165938863 0.24958173774026843
svg/svg/g_1/g_16/text_16 9.0 1.0 0.0 0.0 0.0 0.0 0.0 0.0 1.0 0.0 0.05183771750488392 0.33137254901960783 0.3307163886162905 0.973655323819978 0.973655323819978 0.973655323819978 0.3307163886162905 0.02631578947368421 0.0 0.0
svg/svg/g_1/g_16/text_16/tspan_28 23.0 1.0 0.0 0.0 0.0 0.0 0.0 0.0 1.0 0.0 0.5183771750488393 0.33137254901960783 0.3307163886162905 0.973655323819978 0.973655323819978 0.973655323819978 0.3307163886162905 0.02631578947368421 0.0 0.0
svg/svg/g_1/g_16/text_16/tspan_29 23.0 1.0 0.0 0.0 0.0 0.0 0.0 0.0 1.0 0.0 0.5184226068783789 0.33137254901960783 0.3307163886162905 0.973655323819978 0.973655323819978 0.973655323819978 0.3307163886162905 0.02631578947368421 0.0 0.0
svg/svg/g_1/g_16/clipPath_14/use_14 11.0 1.0 0.0 0.0 0.0 0.0 0.0 0.0 1.0 0.0 0.518831493344237 0.4549019607843137 0.8979391560353287 0.5093304061470911 0.9747530186608123 0.7420417124039517 0.676153091265947 0.49122807017543857 0.49344978165938863 0.24958173774026843
svg/svg/g_1/g_16/rect_14 3.0 1.0 0.33396601339203713 0.38158000000000003 0.9179427495390409 0.0 0.0 0.0 1.0 0.0 0.051928581163963476 0.33137254901960783 0.408243375858685 0.973655323819978 0.973655323819978 0.973655323819978 0.36947988223748773 0.02631578947368421 0.08624454148471616 0.0036714131687548795
svg/svg/g_1/g_17/title_15 32.0 1.0 0.0 0.0 0.0 0.0 0.0 0.0 1.0 0.0 0.052246603970741906 0.4549019607843137 0.8979391560353287 0.5093304061470911 0.9747530186608123 0.7420417124039517 0.676153091265947 0.49122807017543857 0.49344978165938863 0.24958173774026843
svg/svg/g_1/g_17/text_17 9.0 1.0 0.0 0.0 0.0 0.0 0.0 0.0 1.0 0.0 0.052292035800281675 0.33137254901960783 0.3307163886162905 0.9330406147091108 0.9330406147091108 0.9330406147091108 0.3307163886162905 0.02631578947368421 0.0 0.0
svg/svg/g_1/g_17/text_17/tspan_30 23.0 1.0 0.0 0.0 0.0 0.0 0.0 0.0 1.0 0.0 0.5229203580028168 0.33137254901960783 0.3307163886162905 0.9330406147091108 0.9330406147091108 0.9330406147091108 0.3307163886162905 0.02631578947368421 0.0 0.0
svg/svg/g_1/g_17/text_17/tspan_31 23.0 1.0 0.0 0.0 0.0 0.0 0.0 0.0 1.0 0.0 0.5229657898323565 0.33137254901960783 0.3307163886162905 0.9330406147091108 0.9330406147091108 0.9330406147091108 0.3307163886162905 0.02631578947368421 0.0 0.0
svg/svg/g_1/g_17/clipPath_15/use_15 11.0 1.0 0.0 0.0 0.0 0.0 0.0 0.0 1.0 0.0 0.5233746762982145 0.4549019607843137 0.8979391560353287 0.5093304061470911 0.9747530186608123 0.7420417124039517 0.676153091265947 0.49122807017543857 0.49344978165938863 0.24958173774026843
svg/svg/g_1/g_17/rect_15 3.0 1.0 0.33396601339203713 0.38158000000000003 0.9179427495390409 0.0 0.0 0.0 1.0 0.0 0.052382899459361226 0.33137254901960783 0.408243375858685 0.9330406147091108 0.9286498353457738 0.9308452250274424 0.36947988223748773 0.021929824561403508 0.08624454148471616 0.0032485035505818495
svg/svg/g_1/g_18/title_16 32.0 1.0 0.0 0.0 0.0 0.0 0.0 0.0 1.0 0.0 0.052700922266139656 0.4549019607843137 0.8979391560353287 0.5093304061470911 0.9747530186608123 0.7420417124039517 0.676153091265947 0.49122807017543857 0.49344978165938863 0.24958173774026843
svg/svg/g_1/g_18/text_18 9.0 1.0 0.0 0.0 0.0 0.0 0.0 0.0 1.0 0.0 0.05274635409567943 0.4147058823529412 0.4141315014720314 0.7881448957189902 0.7881448957189902 0.7881448957189902 0.4141315014720314 0.02631578947368421 0.0 0.0
svg/svg/g_1/g_18/text_18/tspan_32 23.0 1.0 0.0 0.0 0.0 0.0 0.0 0.0 1.0 0.0 0.5274635409567944 0.4147058823529412 0.4141315014720314 0.7881448957189902 0.7881448957189902 0.7881448957189902 0.4141315014720314 0.02631578947368421 0.0 0.0
svg/svg/g_1/g_18/text_18/tspan_33 23.0 1.0 0.0 0.0 0.0 0.0 0.0 0.0 1.0 0.0 0.5275089727863341 0.4147058823529412 0.4141315014720314 0.7881448957189902 0.7881448957189902 0.7881448957189902 0.4141315014720314 0.02631578947368421 0.0 0.0
svg/svg/g_1/g_18/clipPath_16/use_16 11.0 1.0 0.0 0.0 0.0 0.0 0.0 0.0 1.0 0.0 0.5279178592521921 0.4549019607843137 0.8979391560353287 0.5093304061470911 0.9747530186608123 0.7420417124039517 0.676153091265947 0.49122807017543857 0.49344978165938863 0.24958173774026843
svg/svg/g_1/g_18/rect_16 3.0 1.0 0.33396601339203713 0.38158000000000003 0.9179427495390409 0.0 0.0 0.0 1.0 0.0 0.05283721775475898 0.4147058823529412 0.43277723258096173 0.7881448957189902 0.8880351262349067 0.8380900109769485 0.4234543670264966 0.12609649122807018 0.02074235807860262 0.004160547644718742
svg/svg/g_1/g_19/title_17 32.0 1.0 0.0 0.0 0.0 0.0 0.0 0.0 1.0 0.0 0.05315524056153741 0.4549019607843137 0.8979391560353287 0.5093304061470911 0.9747530186608123 0.7420417124039517 0.676153091265947 0.49122807017543857 0.49344978165938863 0.24958173774026843
svg/svg/g_1/g_19/text_19 9.0 1.0 0.0 0.0 0.0 0.0 0.0 0.0 1.0 0.0 0.05320067239107719 0.33137254901960783 0.3307163886162905 0.7881448957189902 0.7881448957189902 0.7881448957189902 0.3307163886162905 0.02631578947368421 0.0 0.0
svg/svg/g_1/g_19/text_19/tspan_34 23.0 1.0 0.0 0.0 0.0 0.0 0.0 0.0 1.0 0.0 0.5320067239107719 0.33137254901960783 0.3307163886162905 0.7881448957189902 0.7881448957189902 0.7881448957189902 0.3307163886162905 0.02631578947368421 0.0 0.0
svg/svg/g_1/g_19/text_19/tspan_35 23.0 1.0 0.0 0.0 0.0 0.0 0.0 0.0 1.0 0.0 0.5320521557403116 0.33137254901960783 0.3307163886162905 0.7881448957189902 0.7881448957189902 0.7881448957189902 0.3307163886162905 0.02631578947368421 0.0 0.0
svg/svg/g_1/g_19/clipPath_17/use_17 11.0 1.0 0.0 0.0 0.0 0.0 0.0 0.0 1.0 0.0 0.5324610422061696 0.4549019607843137 0.8979391560353287 0.5093304061470911 0.9747530186608123 0.7420417124039517 0.676153091265947 0.49122807017543857 0.49344978165938863 0.24958173774026843
svg/svg/g_1/g_19/rect_17 3.0 1.0 0.33396601339203713 0.38158000000000003 0.9179427495390409 0.0 0.0 0.0 1.0 0.0 0.05329153605015674 0.33137254901960783 0.4013738959764475 0.7881448957189902 0.8880351262349067 0.8380900109769485 0.366045142296369 0.12609649122807018 0.07860262008733625 0.012227200059486187
svg/svg/g_1/g_20/title_18 32.0 1.0 0.0 0.0 0.0 0.0 0.0 0.0 1.0 0.0 0.05360955885693517 0.4549019607843137 0.8979391560353287 0.5093304061470911 0.9747530186608123 0.7420417124039517 0.676153091265947 0.49122807017543857 0.49344978165938863 0.24958173774026843
svg/svg/g_1/g_20/text_20 9.0 1.0 0.0 0.0 0.0 0.0 0.0 0.0 1.0 0.0 0.053654990686474946 0.33137254901960783 0.3307163886162905 0.5949506037321625 0.5949506037321625 0.5949506037321625 0.3307163886162905 0.02631578947368421 0.0 0.0
svg/svg/g_1/g_20/text_20/tspan_36 23.0 1.0 0.0 0.0 0.0 0.0 0.0 0.0 1.0 0.0 0.5365499068647495 0.33137254901960783 0.3307163886162905 0.5949506037321625 0.5949506037321625 0.5949506037321625 0.3307163886162905 0.02631578947368421 0.0 0.0
svg/svg/g_1/g_20/text_20/tspan_37 23.0 1.0 0.0 0.0 0.0 0.0 0.0 0.0 1.0 0.0 0.5365953386942892 0.33137254901960783 0.3307163886162905 0.5949506037321625 0.5949506037321625 0.5949506037321625 0.3307163886162905 0.02631578947368421 0.0 0.0
svg/svg/g_1/g_20/clipPath_18/use_18 11.0 1.0 0.0 0.0 0.0 0.0 0.0 0.0 1.0 0.0 0.5370042251601472 0.4549019607843137 0.8979391560353287 0.5093304061470911 0.9747530186608123 0.7420417124039517 0.676153091265947 0.49122807017543857 0.49344978165938863 0.24958173774026843
svg/svg/g_1/g_20/rect_18 3.0 1.0 0.33396601339203713 0.38158000000000003 0.9179427495390409 0.0 0.0 0.0 1.0 0.0 0.0537458543455545 0.33137254901960783 0.43277723258096173 0.5949506037321625 0.743139407244786 0.6690450054884742 0.3817468105986261 0.17434210526315788 0.11353711790393013 0.02302766107744358
svg/svg/g_1/g_21/title_19 32.0 1.0 0.0 0.0 0.0 0.0 0.0 0.0 1.0 0.0 0.05406387715233293 0.4549019607843137 0.8979391560353287 0.5093304061470911 0.9747530186608123 0.7420417124039517 0.676153091265947 0.49122807017543857 0.49344978165938863 0.24958173774026843
svg/svg/g_1/g_21/text_21 9.0 1.0 0.0 0.0 0.0 0.0 0.0 0.0 1.0 0.0 0.0541093089818727 0.2627450980392157 0.2620215897939156 0.5949506037321625 0.5949506037321625 0.5949506037321625 0.2620215897939156 0.02631578947368421 0.0 0.0
svg/svg/g_1/g_21/text_21/tspan_38 23.0 1.0 0.0 0.0 0.0 0.0 0.0 0.0 1.0 0.0 0.5410930898187271 0.2627450980392157 0.2620215897939156 0.5949506037321625 0.5949506037321625 0.5949506037321625 0.2620215897939156 0.02631578947368421 0.0 0.0
svg/svg/g_1/g_21/text_21/tspan_39 23.0 1.0 0.0 0.0 0.0 0.0 0.0 0.0 1.0 0.0 0.5411385216482667 0.2627450980392157 0.2620215897939156 0.5949506037321625 0.5949506037321625 0.5949506037321625 0.2620215897939156 0.02631578947368421 0.0 0.0
svg/svg/g_1/g_21/clipPath_19/use_19 11.0 1.0 0.0 0.0 0.0 0.0 0.0 0.0 1.0 0.0 0.5415474081141248 0.4549019607843137 0.8979391560353287 0.5093304061470911 0.9747530186608123 0.7420417124039517 0.676153091265947 0.49122807017543857 0.49344978165938863 0.24958173774026843
svg/svg/g_1/g_21/rect_19 3.0 1.0 0.33396601339203713 0.38158000000000003 0.9179427495390409 0.0 0.0 0.0 1.0 0.0 0.054200172640952254 0.2627450980392157 0.3169774288518155 0.5949506037321625 0.973655323819978 0.7843029637760702 0.28949950932286556 0.40460526315789475 0.0611353711790393 0.029859277986392534
svg/svg/g_1/g_22/title_20 32.0 1.0 0.0 0.0 0.0 0.0 0.0 0.0 1.0 0.0 0.054518195447730684 0.4549019607843137 0.8979391560353287 0.5093304061470911 0.9747530186608123 0.7420417124039517 0.676153091265947 0.49122807017543857 0.49344978165938863 0.24958173774026843
svg/svg/g_1/g_22/text_22 9.0 1.0 0.0 0.0 0.0 0.0 0.0 0.0 1.0 0.0 0.05456362727727045 0.000980392156862745 0.0 0.8507135016465422 0.8507135016465422 0.8507135016465422 0.0 0.02631578947368421 0.0 0.0
svg/svg/g_1/g_22/text_22/tspan_40 23.0 1.0 0.0 0.0 0.0 0.0 0.0 0.0 1.0 0.0 0.5456362727727045 0.000980392156862745 0.0 0.8507135016465422 0.8507135016465422 0.8507135016465422 0.0 0.02631578947368421 0.0 0.0
svg/svg/g_1/g_22/text_22/tspan_41 23.0 1.0 0.0 0.0 0.0 0.0 0.0 0.0 1.0 0.0 0.5456817046022443 0.000980392156862745 0.0 0.8507135016465422 0.8507135016465422 0.8507135016465422 0.0 0.02631578947368421 0.0 0.0
svg/svg/g_1/g_22/clipPath_20/use_20 11.0 1.0 0.0 0.0 0.0 0.0 0.0 0.0 1.0 0.0 0.5460905910681023 0.4549019607843137 0.8979391560353287 0.5093304061470911 0.9747530186608123 0.7420417124039517 0.676153091265947 0.49122807017543857 0.49344978165938863 0.24958173774026843
svg/svg/g_1/g_22/rect_20 3.0 1.0 0.33396601339203713 0.38158000000000003 0.9179427495390409 0.0 0.0 0.0 1.0 0.0 0.054654490936350004 0.000980392156862745 0.2492639842983317 0.8507135016465422 0.973655323819978 0.9121844127332601 0.12463199214916584 0.14912280701754385 0.27729257641921395 0.046417816113321186
svg/svg/g_1/g_23/title_21 32.0 1.0 0.0 0.0 0.0 0.0 0.0 0.0 1.0 0.0 0.05497251374312844 0.4549019607843137 0.8979391560353287 0.5093304061470911 0.9747530186608123 0.7420417124039517 0.676153091265947 0.49122807017543857 0.49344978165938863 0.24958173774026843
svg/svg/g_1/g_23/text_23 9.0 1.0 0.0 0.0 0.0 0.0 0.0 0.0 1.0 0.0 0.05501794557266821 0.000980392156862745 0.0 0.5949506037321625 0.5949506037321625 0.5949506037321625 0.0 0.02631578947368421 0.0 0.0
svg/svg/g_1/g_23/text_23/tspan_42 23.0 1.0 0.0 0.0 0.0 0.0 0.0 0.0 1.0 0.0 0.5501794557266821 0.000980392156862745 0.0 0.5949506037321625 0.5949506037321625 0.5949506037321625 0.0 0.02631578947368421 0.0 0.0
svg/svg/g_1/g_23/text_23/tspan_43 23.0 1.0 0.0 0.0 0.0 0.0 0.0 0.0 1.0 0.0 0.5502248875562219 0.000980392156862745 0.0 0.5949506037321625 0.5949506037321625 0.5949506037321625 0.0 0.02631578947368421 0.0 0.0
svg/svg/g_1/g_23/clipPath_21/use_21 11.0 1.0 0.0 0.0 0.0 0.0 0.0 0.0 1.0 0.0 0.5506337740220799 0.4549019607843137 0.8979391560353287 0.5093304061470911 0.9747530186608123 0.7420417124039517 0.676153091265947 0.49122807017543857 0.49344978165938863 0.24958173774026843
svg/svg/g_1/g_23/rect_21 3.0 1.0 0.33396601339203713 0.38158000000000003 0.9179427495390409 0.0 0.0 0.0 1.0 0.0 0.05510880923174776 0.000980392156862745 0.2492639842983317 0.5949506037321625 0.8057080131723381 0.7003293084522503 0.12463199214916584 0.23684210526315788 0.27729257641921395 0.07114176302189835
svg/svg/g_1/g_24/title_22 32.0 1.0 0.0 0.0 0.0 0.0 0.0 0.0 1.0 0.0 0.05542683203852619 0.4549019607843137 0.8979391560353287 0.5093304061470911 0.9747530186608123 0.7420417124039517 0.676153091265947 0.49122807017543857 0.49344978165938863 0.24958173774026843
svg/svg/g_1/g_24/text_24 9.0 1.0 0.0 0.0 0.0 0.0 0.0 0.0 1.0 0.0 0.05547226386806597 0.8803921568627451 0.8802747791952895 0.5137211855104281 0.5137211855104281 0.5137211855104281 0.8802747791952895 0.02631578947368421 0.0 0.0
svg/svg/g_1/g_24/text_24/tspan_44 23.0 1.0 0.0 0.0 0.0 0.0 0.0 0.0 1.0 0.0 0.5547226386806597 0.8803921568627451 0.8802747791952895 0.5137211855104281 0.5137211855104281 0.5137211855104281 0.8802747791952895 0.02631578947368421 0.0 0.0
svg/svg/g_1/g_24/text_24/tspan_45 23.0 1.0 0.0 0.0 0.0 0.0 0.0 0.0 1.0 0.0 0.5547680705101994 0.8803921568627451 0.8802747791952895 0.5137211855104281 0.5137211855104281 0.5137211855104281 0.8802747791952895 0.02631578947368421 0.0 0.0
svg/svg/g_1/g_24/clipPath_22/use_22 11.0 1.0 0.0 0.0 0.0 0.0 0.0 0.0 1.0 0.0 0.5551769569760574 0.4549019607843137 0.8979391560353287 0.5093304061470911 0.9747530186608123 0.7420417124039517 0.676153091265947 0.49122807017543857 0.49344978165938863 0.24958173774026843
svg/svg/g_1/g_24/rect_22 3.0 1.0 1.0 0.6875 0.9794824181715944 0.0 0.0 0.0 1.0 0.0 0.05556312752714552 0.8803921568627451 0.8969578017664377 0.5137211855104281 0.5488474204171241 0.531284302963776 0.8886162904808635 0.06140350877192982 0.018558951965065504 0.001868238093467673
svg/svg/g_1/g_25/title_23 32.0 1.0 0.0 0.0 0.0 0.0 0.0 0.0 1.0 0.0 0.05588115033392395 0.4549019607843137 0.8979391560353287 0.5093304061470911 0.9747530186608123 0.7420417124039517 0.676153091265947 0.49122807017543857 0.49344978165938863 0.24958173774026843
svg/svg/g_1/g_25/text_25 9.0 1.0 0.0 0.0 0.0 0.0 0.0 0.0 1.0 0.0 0.055926582163463724 0.8480392156862745 0.8478900883218842 0.5137211855104281 0.5137211855104281 0.5137211855104281 0.8478900883218842 0.02631578947368421 0.0 0.0
svg/svg/g_1/g_25/text_25/tspan_46 23.0 1.0 0.0 0.0 0.0 0.0 0.0 0.0 1.0 0.0 0.5592658216346372 0.8480392156862745 0.8478900883218842 0.5137211855104281 0.5137211855104281 0.5137211855104281 0.8478900883218842 0.02631578947368421 0.0 0.0
svg/svg/g_1/g_25/text_25/tspan_47 23.0 1.0 0.0 0.0 0.0 0.0 0.0 0.0 1.0 0.0 0.559311253464177 0.8480392156862745 0.8478900883218842 0.5137211855104281 0.5137211855104281 0.5137211855104281 0.8478900883218842 0.02631578947368421 0.0 0.0
svg/svg/g_1/g_25/clipPath_23/use_23 11.0 1.0 0.0 0.0 0.0 0.0 0.0 0.0 1.0 0.0 0.559720139930035 0.4549019607843137 0.8979391560353287 0.5093304061470911 0.9747530186608123 0.7420417124039517 0.676153091265947 0.49122807017543857 0.49344978165938863 0.24958173774026843
svg/svg/g_1/g_25/rect_23 3.0 1.0 1.0 0.6875 0.9794824181715944 0.0 0.0 0.0 1.0 0.0 0.056017445822543276 0.8480392156862745 0.8675171736997056 0.5137211855104281 0.5488474204171241 0.531284302963776 0.8577036310107949 0.06140350877192982 0.021834061135371178 0.002119195449306614
svg/svg/g_1/g_26/title_24 32.0 1.0 0.0 0.0 0.0 0.0 0.0 0.0 1.0 0.0 0.056335468629321706 0.4549019607843137 0.8979391560353287 0.5093304061470911 0.9747530186608123 0.7420417124039517 0.676153091265947 0.49122807017543857 0.49344978165938863 0.24958173774026843
svg/svg/g_1/g_26/text_26 9.0 1.0 0.0 0.0 0.0 0.0 0.0 0.0 1.0 0.0 0.05638090045886148 0.8480392156862745 0.8478900883218842 0.41931942919868276 0.41931942919868276 0.41931942919868276 0.8478900883218842 0.02631578947368421 0.0 0.0
svg/svg/g_1/g_26/text_26/tspan_48 23.0 1.0 0.0 0.0 0.0 0.0 0.0 0.0 1.0 0.0 0.5638090045886148 0.8480392156862745 0.8478900883218842 0.41931942919868276 0.41931942919868276 0.41931942919868276 0.8478900883218842 0.02631578947368421 0.0 0.0
svg/svg/g_1/g_26/text_26/tspan_49 23.0 1.0 0.0 0.0 0.0 0.0 0.0 0.0 1.0 0.0 0.5638544364181546 0.8480392156862745 0.8478900883218842 0.41931942919868276 0.41931942919868276 0.41931942919868276 0.8478900883218842 0.02631578947368421 0.0 0.0
svg/svg/g_1/g_26/clipPath_24/use_24 11.0 1.0 0.0 0.0 0.0 0.0 0.0 0.0 1.0 0.0 0.5642633228840126 0.4549019607843137 0.8979391560353287 0.5093304061470911 0.9747530186608123 0.7420417124039517 0.676153091265947 0.49122807017543857 0.49344978165938863 0.24958173774026843
svg/svg/g_1/g_26/rect_24 3.0 1.0 1.0 0.6875 0.9794824181715944 0.0 0.0 0.0 1.0 0.0 0.05647176411794103 0.8480392156862745 0.8969578017664377 0.41931942919868276 0.46871569703622395 0.44401756311745333 0.872423945044161 0.0756578947368421 0.05458515283842795 0.005565211733650593
svg/svg/g_1/g_27/title_25 32.0 1.0 0.0 0.0 0.0 0.0 0.0 0.0 1.0 0.0 0.05678978692471946 0.4549019607843137 0.8979391560353287 0.5093304061470911 0.9747530186608123 0.7420417124039517 0.676153091265947 0.49122807017543857 0.49344978165938863 0.24958173774026843
svg/svg/g_1/g_27/text_27 9.0 1.0 0.0 0.0 0.0 0.0 0.0 0.0 1.0 0.0 0.05683521875425923 0.7372549019607844 0.7369970559371933 0.5115257958287596 0.5115257958287596 0.5115257958287596 0.7369970559371933 0.02631578947368421 0.0 0.0
svg/svg/g_1/g_27/text_27/tspan_50 23.0 1.0 0.0 0.0 0.0 0.0 0.0 0.0 1.0 0.0 0.5683521875425923 0.7372549019607844 0.7369970559371933 0.5115257958287596 0.5115257958287596 0.5115257958287596 0.7369970559371933 0.02631578947368421 0.0 0.0
svg/svg/g_1/g_27/text_27/tspan_51 23.0 1.0 0.0 0.0 0.0 0.0 0.0 0.0 1.0 0.0 0.5683976193721321 0.7372549019607844 0.7369970559371933 0.5115257958287596 0.5115257958287596 0.5115257958287596 0.7369970559371933 0.02631578947368421 0.0 0.0
svg/svg/g_1/g_27/clipPath_25/use_25 11.0 1.0 0.0 0.0 0.0 0.0 0.0 0.0 1.0 0.0 0.5688065058379901 0.4549019607843137 0.8979391560353287 0.5093304061470911 0.9747530186608123 0.7420417124039517 0.676153091265947 0.49122807017543857 0.49344978165938863 0.24958173774026843
svg/svg/g_1/g_27/rect_25 3.0 1.0 1.0 0.6875 0.9794824181715944 0.0 0.0 0.0 1.0 0.0 0.05692608241333879 0.7372549019607844 0.8351324828263003 0.5115257958287596 0.5488474204171241 0.5301866081229418 0.7860647693817469 0.06359649122807018 0.1091703056768559 0.009071643677733577
svg/svg/g_1/g_28/title_26 32.0 1.0 0.0 0.0 0.0 0.0 0.0 0.0 1.0 0.0 0.05724410522011722 0.4549019607843137 0.8979391560353287 0.5093304061470911 0.9747530186608123 0.7420417124039517 0.676153091265947 0.49122807017543857 0.49344978165938863 0.24958173774026843
svg/svg/g_1/g_28/text_28 9.0 1.0 0.0 0.0 0.0 0.0 0.0 0.0 1.0 0.0 0.05728953704965699 0.7372549019607844 0.7369970559371933 0.41931942919868276 0.41931942919868276 0.41931942919868276 0.7369970559371933 0.02631578947368421 0.0 0.0
svg/svg/g_1/g_28/text_28/tspan_52 23.0 1.0 0.0 0.0 0.0 0.0 0.0 0.0 1.0 0.0 0.5728953704965699 0.7372549019607844 0.7369970559371933 0.41931942919868276 0.41931942919868276 0.41931942919868276 0.7369970559371933 0.02631578947368421 0.0 0.0
svg/svg/g_1/g_28/text_28/tspan_53 23.0 1.0 0.0 0.0 0.0 0.0 0.0 0.0 1.0 0.0 0.5729408023261097 0.7372549019607844 0.7369970559371933 0.41931942919868276 0.41931942919868276 0.41931942919868276 0.7369970559371933 0.02631578947368421 0.0 0.0
svg/svg/g_1/g_28/clipPath_26/use_26 11.0 1.0 0.0 0.0 0.0 0.0 0.0 0.0 1.0 0.0 0.5733496887919677 0.4549019607843137 0.8979391560353287 0.5093304061470911 0.9747530186608123 0.7420417124039517 0.676153091265947 0.49122807017543857 0.49344978165938863 0.24958173774026843
svg/svg/g_1/g_28/rect_26 3.0 1.0 1.0 0.6875 0.9794824181715944 0.0 0.0 0.0 1.0 0.0 0.05738040070873654 0.7372549019607844 0.8351324828263003 0.41931942919868276 0.4665203073545554 0.4429198682766191 0.7860647693817469 0.07346491228070176 0.1091703056768559 0.010242778004981969
svg/svg/g_1/g_29/title_27 32.0 1.0 0.0 0.0 0.0 0.0 0.0 0.0 1.0 0.0 0.05769842351551497 0.4549019607843137 0.8979391560353287 0.5093304061470911 0.9747530186608123 0.7420417124039517 0.676153091265947 0.49122807017543857 0.49344978165938863 0.24958173774026843
svg/svg/g_1/g_29/text_29 9.0 1.0 0.0 0.0 0.0 0.0 0.0 0.0 1.0 0.0 0.057743855345054745 0.5362745098039216 0.535819430814524 0.5137211855104281 0.5137211855104281 0.5137211855104281 0.535819430814524 0.02631578947368421 0.0 0.0
svg/svg/g_1/g_29/text_29/tspan_54 23.0 1.0 0.0 0.0 0.0 0.0 0.0 0.0 1.0 0.0 0.5774385534505475 0.5362745098039216 0.535819430814524 0.5137211855104281 0.5137211855104281 0.5137211855104281 0.535819430814524 0.02631578947368421 0.0 0.0
svg/svg/g_1/g_29/text_29/tspan_55 23.0 1.0 0.0 0.0 0.0 0.0 0.0 0.0 1.0 0.0 0.5774839852800873 0.5362745098039216 0.535819430814524 0.5137211855104281 0.5137211855104281 0.5137211855104281 0.535819430814524 0.02631578947368421 0.0 0.0
svg/svg/g_1/g_29/clipPath_27/use_27 11.0 1.0 0.0 0.0 0.0 0.0 0.0 0.0 1.0 0.0 0.5778928717459453 0.4549019607843137 0.8979391560353287 0.5093304061470911 0.9747530186608123 0.7420417124039517 0.676153091265947 0.49122807017543857 0.49344978165938863 0.24958173774026843
svg/svg/g_1/g_29/rect_27 3.0 1.0 1.0 0.6875 0.9794824181715944 0.0 0.0 0.0 1.0 0.0 0.0578347190041343 0.5362745098039216 0.7242394504416094 0.5137211855104281 0.5488474204171241 0.531284302963776 0.6300294406280668 0.06140350877192982 0.2096069868995633 0.016507417184072573
svg/svg/g_1/g_30/title_28 32.0 1.0 0.0 0.0 0.0 0.0 0.0 0.0 1.0 0.0 0.05815274181091273 0.4549019607843137 0.8979391560353287 0.5093304061470911 0.9747530186608123 0.7420417124039517 0.676153091265947 0.49122807017543857 0.49344978165938863 0.24958173774026843
svg/svg/g_1/g_30/text_30 9.0 1.0 0.0 0.0 0.0 0.0 0.0 0.0 1.0 0.0 0.0581981736404525 0.5362745098039216 0.535819430814524 0.41931942919868276 0.41931942919868276 0.41931942919868276 0.535819430814524 0.02631578947368421 0.0 0.0
svg/svg/g_1/g_30/text_30/tspan_56 23.0 1.0 0.0 0.0 0.0 0.0 0.0 0.0 1.0 0.0 0.581981736404525 0.5362745098039216 0.535819430814524 0.41931942919868276 0.41931942919868276 0.41931942919868276 0.535819430814524 0.02631578947368421 0.0 0.0
svg/svg/g_1/g_30/text_30/tspan_57 23.0 1.0 0.0 0.0 0.0 0.0 0.0 0.0 1.0 0.0 0.5820271682340648 0.5362745098039216 0.535819430814524 0.41931942919868276 0.41931942919868276 0.41931942919868276 0.535819430814524 0.02631578947368421 0.0 0.0
svg/svg/g_1/g_30/clipPath_28/use_28 11.0 1.0 0.0 0.0 0.0 0.0 0.0 0.0 1.0 0.0 0.5824360546999228 0.4549019607843137 0.8979391560353287 0.5093304061470911 0.9747530186608123 0.7420417124039517 0.676153091265947 0.49122807017543857 0.49344978165938863 0.24958173774026843
svg/svg/g_1/g_30/rect_28 3.0 1.0 1.0 0.6875 0.9794824181715944 0.0 0.0 0.0 1.0 0.0 0.05828903729953206 0.5362745098039216 0.7242394504416094 0.41931942919868276 0.46871569703622395 0.44401756311745333 0.6300294406280668 0.0756578947368421 0.2096069868995633 0.019588615830761796
svg/svg/g_1/g_31/title_29 32.0 1.0 0.0 0.0 0.0 0.0 0.0 0.0 1.0 0.0 0.058607060106310484 0.4549019607843137 0.8979391560353287 0.5093304061470911 0.9747530186608123 0.7420417124039517 0.676153091265947 0.49122807017543857 0.49344978165938863 0.24958173774026843
svg/svg/g_1/g_31/text_31 9.0 1.0 0.0 0.0 0.0 0.0 0.0 0.0 1.0 0.0 0.05865249193585026 0.8274509803921568 0.8272816486751717 0.19758507135016465 0.19758507135016465 0.19758507135016465 0.8272816486751717 0.02631578947368421 0.0 0.0
svg/svg/g_1/g_31/text_31/tspan_58 23.0 1.0 0.0 0.0 0.0 0.0 0.0 0.0 1.0 0.0 0.5865249193585026 0.8274509803921568 0.8272816486751717 0.19758507135016465 0.19758507135016465 0.19758507135016465 0.8272816486751717 0.02631578947368421 0.0 0.0
svg/svg/g_1/g_31/text_31/tspan_59 23.0 1.0 0.0 0.0 0.0 0.0 0.0 0.0 1.0 0.0 0.5865703511880423 0.8274509803921568 0.8272816486751717 0.19758507135016465 0.19758507135016465 0.19758507135016465 0.8272816486751717 0.02631578947368421 0.0 0.0
svg/svg/g_1/g_31/clipPath_29/use_29 11.0 1.0 0.0 0.0 0.0 0.0 0.0 0.0 1.0 0.0 0.5869792376539004 0.4549019607843137 0.8979391560353287 0.5093304061470911 0.9747530186608123 0.7420417124039517 0.676153091265947 0.49122807017543857 0.49344978165938863 0.24958173774026843
svg/svg/g_1/g_31/rect_29 3.0 1.0 1.0 0.6875 0.9794824181715944 0.0 0.0 0.0 1.0 0.0 0.05874335559492982 0.8274509803921568 0.8969578017664377 0.19758507135016465 0.3732162458836443 0.2854006586169045 0.8621197252208047 0.20175438596491227 0.07751091703056769 0.01872885451909135
svg/svg/g_1/g_32/title_30 32.0 1.0 0.0 0.0 0.0 0.0 0.0 0.0 1.0 0.0 0.05906137840170824 0.4549019607843137 0.8979391560353287 0.5093304061470911 0.9747530186608123 0.7420417124039517 0.676153091265947 0.49122807017543857 0.49344978165938863 0.24958173774026843
svg/svg/g_1/g_32/text_32 9.0 1.0 0.0 0.0 0.0 0.0 0.0 0.0 1.0 0.0 0.05910681023124801 0.734313725490196 0.7340529931305201 0.19758507135016465 0.19758507135016465 0.19758507135016465 0.7340529931305201 0.02631578947368421 0.0 0.0
svg/svg/g_1/g_32/text_32/tspan_60 23.0 1.0 0.0 0.0 0.0 0.0 0.0 0.0 1.0 0.0 0.5910681023124802 0.734313725490196 0.7340529931305201 0.19758507135016465 0.19758507135016465 0.19758507135016465 0.7340529931305201 0.02631578947368421 0.0 0.0
svg/svg/g_1/g_32/text_32/tspan_61 23.0 1.0 0.0 0.0 0.0 0.0 0.0 0.0 1.0 0.0 0.5911135341420198 0.734313725490196 0.7340529931305201 0.19758507135016465 0.19758507135016465 0.19758507135016465 0.7340529931305201 0.02631578947368421 0.0 0.0
svg/svg/g_1/g_32/clipPath_30/use_30 11.0 1.0 0.0 0.0 0.0 0.0 0.0 0.0 1.0 0.0 0.5915224206078779 0.4549019607843137 0.8979391560353287 0.5093304061470911 0.9747530186608123 0.7420417124039517 0.676153091265947 0.49122807017543857 0.49344978165938863 0.24958173774026843
svg/svg/g_1/g_32/rect_30 3.0 1.0 1.0 0.6875 0.9794824181715944 0.0 0.0 0.0 1.0 0.0 0.05919767389032757 0.734313725490196 0.8145240431795878 0.19758507135016465 0.3732162458836443 0.2854006586169045 0.774288518155054 0.20175438596491227 0.08951965065502183 0.021284901661895377
svg/svg/g_1/g_33/title_31 32.0 1.0 0.0 0.0 0.0 0.0 0.0 0.0 1.0 0.0 0.059515696697106 0.4549019607843137 0.8979391560353287 0.5093304061470911 0.9747530186608123 0.7420417124039517 0.676153091265947 0.49122807017543857 0.49344978165938863 0.24958173774026843
svg/svg/g_1/g_33/text_33 9.0 1.0 0.0 0.0 0.0 0.0 0.0 0.0 1.0 0.0 0.05956112852664577 0.734313725490196 0.7340529931305201 0.0010976948408342481 0.0010976948408342481 0.0010976948408342481 0.7340529931305201 0.02631578947368421 0.0 0.0
svg/svg/g_1/g_33/text_33/tspan_62 23.0 1.0 0.0 0.0 0.0 0.0 0.0 0.0 1.0 0.0 0.5956112852664577 0.734313725490196 0.7340529931305201 0.0010976948408342481 0.0010976948408342481 0.0010976948408342481 0.7340529931305201 0.02631578947368421 0.0 0.0
svg/svg/g_1/g_33/text_33/tspan_63 23.0 1.0 0.0 0.0 0.0 0.0 0.0 0.0 1.0 0.0 0.5956567170959974 0.734313725490196 0.7340529931305201 0.0010976948408342481 0.0010976948408342481 0.0010976948408342481 0.7340529931305201 0.02631578947368421 0.0 0.0
svg/svg/g_1/g_33/clipPath_31/use_31 11.0 1.0 0.0 0.0 0.0 0.0 0.0 0.0 1.0 0.0 0.5960656035618555 0.4549019607843137 0.8979391560353287 0.5093304061470911 0.9747530186608123 0.7420417124039517 0.676153091265947 0.49122807017543857 0.49344978165938863 0.24958173774026843
svg/svg/g_1/g_33/rect_31 3.0 1.0 1.0 0.6875 0.9794824181715944 0.0 0.0 0.0 1.0 0.0 0.059651992185725325 0.734313725490196 0.8969578017664377 0.0010976948408342481 0.1525795828759605 0.07683863885839737 0.8155053974484789 0.17763157894736842 0.1812227074235808 0.03625404320184407
svg/svg/g_1/g_34/title_32 32.0 1.0 0.0 0.0 0.0 0.0 0.0 0.0 1.0 0.0 0.05997001499250375 0.4549019607843137 0.8979391560353287 0.5093304061470911 0.9747530186608123 0.7420417124039517 0.676153091265947 0.49122807017543857 0.49344978165938863 0.24958173774026843
svg/svg/g_1/g_34/text_34 9.0 1.0 0.0 0.0 0.0 0.0 0.0 0.0 1.0 0.0 0.060015446822043524 0.5362745098039216 0.535819430814524 0.21514818880351264 0.21514818880351264 0.21514818880351264 0.535819430814524 0.02631578947368421 0.0 0.0
svg/svg/g_1/g_34/text_34/tspan_64 23.0 1.0 0.0 0.0 0.0 0.0 0.0 0.0 1.0 0.0 0.6001544682204353 0.5362745098039216 0.535819430814524 0.21514818880351264 0.21514818880351264 0.21514818880351264 0.535819430814524 0.02631578947368421 0.0 0.0
svg/svg/g_1/g_34/text_34/tspan_65 23.0 1.0 0.0 0.0 0.0 0.0 0.0 0.0 1.0 0.0 0.600199900049975 0.5362745098039216 0.535819430814524 0.21514818880351264 0.21514818880351264 0.21514818880351264 0.535819430814524 0.02631578947368421 0.0 0.0
svg/svg/g_1/g_34/clipPath_32/use_32 11.0 1.0 0.0 0.0 0.0 0.0 0.0 0.0 1.0 0.0 0.600608786515833 0.4549019607843137 0.8979391560353287 0.5093304061470911 0.9747530186608123 0.7420417124039517 0.676153091265947 0.49122807017543857 0.49344978165938863 0.24958173774026843
svg/svg/g_1/g_34/rect_32 3.0 1.0 1.0 0.6875 0.9794824181715944 0.0 0.0 0.0 1.0 0.0 0.06010631048112308 0.5362745098039216 0.7212953876349362 0.21514818880351264 0.3732162458836443 0.29418221734357847 0.6285574092247301 0.18421052631578946 0.20633187772925765 0.042411793136781055
svg/svg/g_1/g_35/title_33 32.0 1.0 0.0 0.0 0.0 0.0 0.0 0.0 1.0 0.0 0.060424333287901505 0.4549019607843137 0.8979391560353287 0.5093304061470911 0.9747530186608123 0.7420417124039517 0.676153091265947 0.49122807017543857 0.49344978165938863 0.24958173774026843
svg/svg/g_1/g_35/text_35 9.0 1.0 0.0 0.0 0.0 0.0 0.0 0.0 1.0 0.0 0.06046976511744128 0.5362745098039216 0.535819430814524 0.0010976948408342481 0.0010976948408342481 0.0010976948408342481 0.535819430814524 0.02631578947368421 0.0 0.0
svg/svg/g_1/g_35/text_35/tspan_66 23.0 1.0 0.0 0.0 0.0 0.0 0.0 0.0 1.0 0.0 0.6046976511744128 0.5362745098039216 0.535819430814524 0.0010976948408342481 0.0010976948408342481 0.0010976948408342481 0.535819430814524 0.02631578947368421 0.0 0.0
svg/svg/g_1/g_35/text_35/tspan_67 23.0 1.0 0.0 0.0 0.0 0.0 0.0 0.0 1.0 0.0 0.6047430830039525 0.5362745098039216 0.535819430814524 0.0010976948408342481 0.0010976948408342481 0.0010976948408342481 0.535819430814524 0.02631578947368421 0.0 0.0
svg/svg/g_1/g_35/clipPath_33/use_33 11.0 1.0 0.0 0.0 0.0 0.0 0.0 0.0 1.0 0.0 0.6051519694698105 0.4549019607843137 0.8979391560353287 0.5093304061470911 0.9747530186608123 0.7420417124039517 0.676153091265947 0.49122807017543857 0.49344978165938863 0.24958173774026843
svg/svg/g_1/g_35/rect_33 3.0 1.0 1.0 0.6875 0.9794824181715944 0.0 0.0 0.0 1.0 0.0 0.06056062877652084 0.5362745098039216 0.7212953876349362 0.0010976948408342481 0.17014270032930845 0.08562019758507135 0.6285574092247301 0.19517543859649122 0.20633187772925765 0.044747090753615645
svg/svg/g_1/g_36/title_34 32.0 1.0 0.0 0.0 0.0 0.0 0.0 0.0 1.0 0.0 0.06087865158329926 0.4549019607843137 0.8979391560353287 0.5093304061470911 0.9747530186608123 0.7420417124039517 0.676153091265947 0.49122807017543857 0.49344978165938863 0.24958173774026843
svg/svg/g_1/g_36/text_36 9.0 1.0 0.0 0.0 0.0 0.0 0.0 0.0 1.0 0.0 0.06092408341283904 0.44509803921568625 0.4445534838076546 0.48957189901207465 0.48957189901207465 0.48957189901207465 0.4445534838076546 0.02631578947368421 0.0 0.0
svg/svg/g_1/g_36/text_36/tspan_68 23.0 1.0 0.0 0.0 0.0 0.0 0.0 0.0 1.0 0.0 0.6092408341283904 0.44509803921568625 0.4445534838076546 0.48957189901207465 0.48957189901207465 0.48957189901207465 0.4445534838076546 0.02631578947368421 0.0 0.0
svg/svg/g_1/g_36/text_36/tspan_69 23.0 1.0 0.0 0.0 0.0 0.0 0.0 0.0 1.0 0.0 0.6092862659579301 0.44509803921568625 0.4445534838076546 0.48957189901207465 0.48957189901207465 0.48957189901207465 0.4445534838076546 0.02631578947368421 0.0 0.0
svg/svg/g_1/g_36/clipPath_34/use_34 11.0 1.0 0.0 0.0 0.0 0.0 0.0 0.0 1.0 0.0 0.6096951524237881 0.4549019607843137 0.8979391560353287 0.5093304061470911 0.9747530186608123 0.7420417124039517 0.676153091265947 0.49122807017543857 0.49344978165938863 0.24958173774026843
svg/svg/g_1/g_36/rect_34 3.0 1.0 0.5699686628557434 0.50336 0.9256319389049444 0.0 0.0 0.0 1.0 0.0 0.061014947071918596 0.44509803921568625 0.5220804710500491 0.48957189901207465 0.5488474204171241 0.5192096597145993 0.4833169774288518 0.08552631578947369 0.08624454148471616 0.00938069301409079
svg/svg/g_1/g_37/title_35 32.0 1.0 0.0 0.0 0.0 0.0 0.0 0.0 1.0 0.0 0.06133296987869702 0.4549019607843137 0.8979391560353287 0.5093304061470911 0.9747530186608123 0.7420417124039517 0.676153091265947 0.49122807017543857 0.49344978165938863 0.24958173774026843
svg/svg/g_1/g_37/text_37 9.0 1.0 0.0 0.0 0.0 0.0 0.0 0.0 1.0 0.0 0.06137840170823679 0.3029411764705882 0.30225711481844947 0.48957189901207465 0.48957189901207465 0.48957189901207465 0.30225711481844947 0.02631578947368421 0.0 0.0
svg/svg/g_1/g_37/text_37/tspan_70 23.0 1.0 0.0 0.0 0.0 0.0 0.0 0.0 1.0 0.0 0.613784017082368 0.3029411764705882 0.30225711481844947 0.48957189901207465 0.48957189901207465 0.48957189901207465 0.30225711481844947 0.02631578947368421 0.0 0.0
svg/svg/g_1/g_37/text_37/tspan_71 23.0 1.0 0.0 0.0 0.0 0.0 0.0 0.0 1.0 0.0 0.6138294489119077 0.3029411764705882 0.30225711481844947 0.48957189901207465 0.48957189901207465 0.48957189901207465 0.30225711481844947 0.02631578947368421 0.0 0.0
svg/svg/g_1/g_37/clipPath_35/use_35 11.0 1.0 0.0 0.0 0.0 0.0 0.0 0.0 1.0 0.0 0.6142383353777657 0.4549019607843137 0.8979391560353287 0.5093304061470911 0.9747530186608123 0.7420417124039517 0.676153091265947 0.49122807017543857 0.49344978165938863 0.24958173774026843
svg/svg/g_1/g_37/rect_35 3.0 1.0 0.5699686628557434 0.50336 0.9256319389049444 0.0 0.0 0.0 1.0 0.0 0.061469265367316346 0.3029411764705882 0.43179587831207067 0.48957189901207465 0.5488474204171241 0.5192096597145993 0.36702649656526004 0.08552631578947369 0.14410480349344978 0.015168977952931553
svg/svg/g_1/g_38/title_36 32.0 1.0 0.0 0.0 0.0 0.0 0.0 0.0 1.0 0.0 0.061787288174094776 0.4549019607843137 0.8979391560353287 0.5093304061470911 0.9747530186608123 0.7420417124039517 0.676153091265947 0.49122807017543857 0.49344978165938863 0.24958173774026843
svg/svg/g_1/g_38/text_38 9.0 1.0 0.0 0.0 0.0 0.0 0.0 0.0 1.0 0.0 0.061832720003634545 0.17254901960784313 0.1717369970559372 0.48957189901207465 0.48957189901207465 0.48957189901207465 0.1717369970559372 0.02631578947368421 0.0 0.0
svg/svg/g_1/g_38/text_38/tspan_72 23.0 1.0 0.0 0.0 0.0 0.0 0.0 0.0 1.0 0.0 0.6183272000363454 0.17254901960784313 0.1717369970559372 0.48957189901207465 0.48957189901207465 0.48957189901207465 0.1717369970559372 0.02631578947368421 0.0 0.0
svg/svg/g_1/g_38/text_38/tspan_73 23.0 1.0 0.0 0.0 0.0 0.0 0.0 0.0 1.0 0.0 0.6183726318658852 0.17254901960784313 0.1717369970559372 0.48957189901207465 0.48957189901207465 0.48957189901207465 0.1717369970559372 0.02631578947368421 0.0 0.0
svg/svg/g_1/g_38/clipPath_36/use_36 11.0 1.0 0.0 0.0 0.0 0.0 0.0 0.0 1.0 0.0 0.6187815183317432 0.4549019607843137 0.8979391560353287 0.5093304061470911 0.9747530186608123 0.7420417124039517 0.676153091265947 0.49122807017543857 0.49344978165938863 0.24958173774026843
svg/svg/g_1/g_38/rect_36 3.0 1.0 0.5699686628557434 0.50336 0.9256319389049444 0.0 0.0 0.0 1.0 0.0 0.0619235836627141 0.17254901960784313 0.28949950932286556 0.48957189901207465 0.5488474204171241 0.5192096597145993 0.23061825318940138 0.08552631578947369 0.13100436681222707 0.013858422872439305
svg/svg/g_1/g_39/title_37 32.0 1.0 0.0 0.0 0.0 0.0 0.0 0.0 1.0 0.0 0.062241606469492526 0.4549019607843137 0.8979391560353287 0.5093304061470911 0.9747530186608123 0.7420417124039517 0.676153091265947 0.49122807017543857 0.49344978165938863 0.24958173774026843
svg/svg/g_1/g_39/text_39 9.0 1.0 0.0 0.0 0.0 0.0 0.0 0.0 1.0 0.0 0.0622870382990323 0.000980392156862745 0.0 0.48957189901207465 0.48957189901207465 0.48957189901207465 0.0 0.02631578947368421 0.0 0.0
svg/svg/g_1/g_39/text_39/tspan_74 23.0 1.0 0.0 0.0 0.0 0.0 0.0 0.0 1.0 0.0 0.622870382990323 0.000980392156862745 0.0 0.48957189901207465 0.48957189901207465 0.48957189901207465 0.0 0.02631578947368421 0.0 0.0
svg/svg/g_1/g_39/text_39/tspan_75 23.0 1.0 0.0 0.0 0.0 0.0 0.0 0.0 1.0 0.0 0.6229158148198628 0.000980392156862745 0.0 0.48957189901207465 0.48957189901207465 0.48957189901207465 0.0 0.02631578947368421 0.0 0.0
svg/svg/g_1/g_39/clipPath_37/use_37 11.0 1.0 0.0 0.0 0.0 0.0 0.0 0.0 1.0 0.0 0.6233247012857208 0.4549019607843137 0.8979391560353287 0.5093304061470911 0.9747530186608123 0.7420417124039517 0.676153091265947 0.49122807017543857 0.49344978165938863 0.24958173774026843
svg/svg/g_1/g_39/rect_37 3.0 1.0 0.5699686628557434 0.50336 0.9256319389049444 0.0 0.0 0.0 1.0 0.0 0.06237790195811186 0.000980392156862745 0.1589793915603533 0.48957189901207465 0.5488474204171241 0.5192096597145993 0.07948969578017664 0.08552631578947369 0.17685589519650655 0.018445365654162174
svg/svg/g_1/g_40/title_38 32.0 1.0 0.0 0.0 0.0 0.0 0.0 0.0 1.0 0.0 0.06269592476489029 0.4549019607843137 0.8979391560353287 0.5093304061470911 0.9747530186608123 0.7420417124039517 0.676153091265947 0.49122807017543857 0.49344978165938863 0.24958173774026843
svg/svg/g_1/g_40/text_40 9.0 1.0 0.0 0.0 0.0 0.0 0.0 0.0 1.0 0.0 0.06274135659443006 0.3333333333333333 0.3326790971540726 0.4456641053787047 0.4456641053787047 0.4456641053787047 0.3326790971540726 0.02631578947368421 0.0 0.0
svg/svg/g_1/g_40/text_40/tspan_76 23.0 1.0 0.0 0.0 0.0 0.0 0.0 0.0 1.0 0.0 0.6274135659443006 0.3333333333333333 0.3326790971540726 0.4456641053787047 0.4456641053787047 0.4456641053787047 0.3326790971540726 0.02631578947368421 0.0 0.0
svg/svg/g_1/g_40/text_40/tspan_77 23.0 1.0 0.0 0.0 0.0 0.0 0.0 0.0 1.0 0.0 0.6274589977738403 0.3333333333333333 0.3326790971540726 0.4456641053787047 0.4456641053787047 0.4456641053787047 0.3326790971540726 0.02631578947368421 0.0 0.0
svg/svg/g_1/g_40/clipPath_38/use_38 11.0 1.0 0.0 0.0 0.0 0.0 0.0 0.0 1.0 0.0 0.6278678842396983 0.4549019607843137 0.8979391560353287 0.5093304061470911 0.9747530186608123 0.7420417124039517 0.676153091265947 0.49122807017543857 0.49344978165938863 0.24958173774026843
svg/svg/g_1/g_40/rect_38 3.0 1.0 0.5699686628557434 0.50336 0.9256319389049444 0.0 0.0 0.0 1.0 0.0 0.06283222025350961 0.3333333333333333 0.5220804710500491 0.4456641053787047 0.4434687156970362 0.4445664105378705 0.42737978410206084 0.02412280701754386 0.21069868995633187 0.008493047551771573
svg/svg/g_1/g_41/title_39 32.0 1.0 0.0 0.0 0.0 0.0 0.0 0.0 1.0 0.0 0.06315024306028805 0.4549019607843137 0.8979391560353287 0.5093304061470911 0.9747530186608123 0.7420417124039517 0.676153091265947 0.49122807017543857 0.49344978165938863 0.24958173774026843
svg/svg/g_1/g_41/text_41 9.0 1.0 0.0 0.0 0.0 0.0 0.0 0.0 1.0 0.0 0.06319567488982782 0.44901960784313727 0.44847890088321885 0.31174533479692645 0.31174533479692645 0.31174533479692645 0.44847890088321885 0.02631578947368421 0.0 0.0
svg/svg/g_1/g_41/text_41/tspan_78 23.0 1.0 0.0 0.0 0.0 0.0 0.0 0.0 1.0 0.0 0.6319567488982781 0.44901960784313727 0.44847890088321885 0.31174533479692645 0.31174533479692645 0.31174533479692645 0.44847890088321885 0.02631578947368421 0.0 0.0
svg/svg/g_1/g_41/text_41/tspan_79 23.0 1.0 0.0 0.0 0.0 0.0 0.0 0.0 1.0 0.0 0.6320021807278179 0.44901960784313727 0.44847890088321885 0.31174533479692645 0.31174533479692645 0.31174533479692645 0.44847890088321885 0.02631578947368421 0.0 0.0
svg/svg/g_1/g_41/clipPath_39/use_39 11.0 1.0 0.0 0.0 0.0 0.0 0.0 0.0 1.0 0.0 0.6324110671936759 0.4549019607843137 0.8979391560353287 0.5093304061470911 0.9747530186608123 0.7420417124039517 0.676153091265947 0.49122807017543857 0.49344978165938863 0.24958173774026843
svg/svg/g_1/g_41/rect_39 3.0 1.0 0.5699686628557434 0.50336 0.9256319389049444 0.0 0.0 0.0 1.0 0.0 0.06328653854890737 0.44901960784313727 0.5220804710500491 0.31174533479692645 0.40065861690450055 0.3562019758507135 0.48527968596663396 0.11513157894736842 0.08187772925764192 0.01167300256534186
svg/svg/g_1/g_42/title_40 32.0 1.0 0.0 0.0 0.0 0.0 0.0 0.0 1.0 0.0 0.06360456135568579 0.4549019607843137 0.8979391560353287 0.5093304061470911 0.9747530186608123 0.7420417124039517 0.676153091265947 0.49122807017543857 0.49344978165938863 0.24958173774026843
svg/svg/g_1/g_42/text_42 9.0 1.0 0.0 0.0 0.0 0.0 0.0 0.0 1.0 0.0 0.06364999318522557 0.3333333333333333 0.3326790971540726 0.31174533479692645 0.31174533479692645 0.31174533479692645 0.3326790971540726 0.02631578947368421 0.0 0.0
svg/svg/g_1/g_42/text_42/tspan_80 23.0 1.0 0.0 0.0 0.0 0.0 0.0 0.0 1.0 0.0 0.6364999318522557 0.3333333333333333 0.3326790971540726 0.31174533479692645 0.31174533479692645 0.31174533479692645 0.3326790971540726 0.02631578947368421 0.0 0.0
svg/svg/g_1/g_42/text_42/tspan_81 23.0 1.0 0.0 0.0 0.0 0.0 0.0 0.0 1.0 0.0 0.6365453636817955 0.3333333333333333 0.3326790971540726 0.31174533479692645 0.31174533479692645 0.31174533479692645 0.3326790971540726 0.02631578947368421 0.0 0.0
svg/svg/g_1/g_42/clipPath_40/use_40 11.0 1.0 0.0 0.0 0.0 0.0 0.0 0.0 1.0 0.0 0.6369542501476535 0.4549019607843137 0.8979391560353287 0.5093304061470911 0.9747530186608123 0.7420417124039517 0.676153091265947 0.49122807017543857 0.49344978165938863 0.24958173774026843
svg/svg/g_1/g_42/rect_40 3.0 1.0 0.5699686628557434 0.50336 0.9256319389049444 0.0 0.0 0.0 1.0 0.0 0.06374085684430512 0.3333333333333333 0.43572129538763493 0.31174533479692645 0.40065861690450055 0.3562019758507135 0.3842001962708538 0.11513157894736842 0.1146288209606987 0.01589048035096851
svg/svg/g_1/g_43/title_41 32.0 1.0 0.0 0.0 0.0 0.0 0.0 0.0 1.0 0.0 0.06405887965108355 0.4549019607843137 0.8979391560353287 0.5093304061470911 0.9747530186608123 0.7420417124039517 0.676153091265947 0.49122807017543857 0.49344978165938863 0.24958173774026843
svg/svg/g_1/g_43/text_43 9.0 1.0 0.0 0.0 0.0 0.0 0.0 0.0 1.0 0.0 0.06410431148062333 0.3333333333333333 0.3326790971540726 0.0010976948408342481 0.0010976948408342481 0.0010976948408342481 0.3326790971540726 0.02631578947368421 0.0 0.0
svg/svg/g_1/g_43/text_43/tspan_82 23.0 1.0 0.0 0.0 0.0 0.0 0.0 0.0 1.0 0.0 0.6410431148062333 0.3333333333333333 0.3326790971540726 0.0010976948408342481 0.0010976948408342481 0.0010976948408342481 0.3326790971540726 0.02631578947368421 0.0 0.0
svg/svg/g_1/g_43/text_43/tspan_83 23.0 1.0 0.0 0.0 0.0 0.0 0.0 0.0 1.0 0.0 0.641088546635773 0.3333333333333333 0.3326790971540726 0.0010976948408342481 0.0010976948408342481 0.0010976948408342481 0.3326790971540726 0.02631578947368421 0.0 0.0
svg/svg/g_1/g_43/clipPath_41/use_41 11.0 1.0 0.0 0.0 0.0 0.0 0.0 0.0 1.0 0.0 0.641497433101631 0.4549019607843137 0.8979391560353287 0.5093304061470911 0.9747530186608123 0.7420417124039517 0.676153091265947 0.49122807017543857 0.49344978165938863 0.24958173774026843
svg/svg/g_1/g_43/rect_41 3.0 1.0 0.5699686628557434 0.50336 0.9256319389049444 0.0 0.0 0.0 1.0 0.0 0.06419517513970288 0.3333333333333333 0.5220804710500491 0.0010976948408342481 0.2667398463227223 0.13391877058177826 0.42737978410206084 0.2916666666666667 0.21069868995633187 0.0666082648622523
svg/svg/g_1/g_44/title_42 32.0 1.0 0.0 0.0 0.0 0.0 0.0 0.0 1.0 0.0 0.0645131979464813 0.4549019607843137 0.8979391560353287 0.5093304061470911 0.9747530186608123 0.7420417124039517 0.676153091265947 0.49122807017543857 0.49344978165938863 0.24958173774026843
svg/svg/g_1/g_44/text_44 9.0 1.0 0.0 0.0 0.0 0.0 0.0 0.0 1.0 0.0 0.06455862977602109 0.2852941176470588 0.2845927379784102 0.43578485181119647 0.43578485181119647 0.43578485181119647 0.2845927379784102 0.02631578947368421 0.0 0.0
svg/svg/g_1/g_44/text_44/tspan_84 23.0 1.0 0.0 0.0 0.0 0.0 0.0 0.0 1.0 0.0 0.6455862977602108 0.2852941176470588 0.2845927379784102 0.43578485181119647 0.43578485181119647 0.43578485181119647 0.2845927379784102 0.02631578947368421 0.0 0.0
svg/svg/g_1/g_44/text_44/tspan_85 23.0 1.0 0.0 0.0 0.0 0.0 0.0 0.0 1.0 0.0 0.6456317295897506 0.2852941176470588 0.2845927379784102 0.43578485181119647 0.43578485181119647 0.43578485181119647 0.2845927379784102 0.02631578947368421 0.0 0.0
svg/svg/g_1/g_44/clipPath_42/use_42 11.0 1.0 0.0 0.0 0.0 0.0 0.0 0.0 1.0 0.0 0.6460406160556086 0.4549019607843137 0.8979391560353287 0.5093304061470911 0.9747530186608123 0.7420417124039517 0.676153091265947 0.49122807017543857 0.49344978165938863 0.24958173774026843
svg/svg/g_1/g_44/rect_42 3.0 1.0 0.5699686628557434 0.50336 0.9256319389049444 0.0 0.0 0.0 1.0 0.0 0.06464949343510064 0.2852941176470588 0.31894013738959764 0.43578485181119647 0.4434687156970362 0.43962678375411635 0.3017664376840039 0.03399122807017544 0.03820960698689956 0.0020088206863218944
svg/svg/g_1/g_45/title_43 32.0 1.0 0.0 0.0 0.0 0.0 0.0 0.0 1.0 0.0 0.06496751624187906 0.4549019607843137 0.8979391560353287 0.5093304061470911 0.9747530186608123 0.7420417124039517 0.676153091265947 0.49122807017543857 0.49344978165938863 0.24958173774026843
svg/svg/g_1/g_45/text_45 9.0 1.0 0.0 0.0 0.0 0.0 0.0 0.0 1.0 0.0 0.06501294807141883 0.24313725490196078 0.2423945044160942 0.43578485181119647 0.43578485181119647 0.43578485181119647 0.2423945044160942 0.02631578947368421 0.0 0.0
svg/svg/g_1/g_45/text_45/tspan_86 23.0 1.0 0.0 0.0 0.0 0.0 0.0 0.0 1.0 0.0 0.6501294807141884 0.24313725490196078 0.2423945044160942 0.43578485181119647 0.43578485181119647 0.43578485181119647 0.2423945044160942 0.02631578947368421 0.0 0.0
svg/svg/g_1/g_45/text_45/tspan_87 23.0 1.0 0.0 0.0 0.0 0.0 0.0 0.0 1.0 0.0 0.6501749125437282 0.24313725490196078 0.2423945044160942 0.43578485181119647 0.43578485181119647 0.43578485181119647 0.2423945044160942 0.02631578947368421 0.0 0.0
svg/svg/g_1/g_45/clipPath_43/use_43 11.0 1.0 0.0 0.0 0.0 0.0 0.0 0.0 1.0 0.0 0.6505837990095862 0.4549019607843137 0.8979391560353287 0.5093304061470911 0.9747530186608123 0.7420417124039517 0.676153091265947 0.49122807017543857 0.49344978165938863 0.24958173774026843
svg/svg/g_1/g_45/rect_43 3.0 1.0 0.5699686628557434 0.50336 0.9256319389049444 0.0 0.0 0.0 1.0 0.0 0.0651038117304984 0.24313725490196078 0.2718351324828263 0.43578485181119647 0.4434687156970362 0.43962678375411635 0.25711481844946027 0.03399122807017544 0.03275109170305677 0.0017357883778860096
svg/svg/g_1/g_46/title_44 32.0 1.0 0.0 0.0 0.0 0.0 0.0 0.0 1.0 0.0 0.06542183453727682 0.4549019607843137 0.8979391560353287 0.5093304061470911 0.9747530186608123 0.7420417124039517 0.676153091265947 0.49122807017543857 0.49344978165938863 0.24958173774026843
svg/svg/g_1/g_46/text_46 9.0 1.0 0.0 0.0 0.0 0.0 0.0 0.0 1.0 0.0 0.06546726636681659 0.30196078431372547 0.3012757605495584 0.21734357848518113 0.21734357848518113 0.21734357848518113 0.3012757605495584 0.02631578947368421 0.0 0.0
svg/svg/g_1/g_46/text_46/tspan_88 23.0 1.0 0.0 0.0 0.0 0.0 0.0 0.0 1.0 0.0 0.6546726636681659 0.30196078431372547 0.3012757605495584 0.21734357848518113 0.21734357848518113 0.21734357848518113 0.3012757605495584 0.02631578947368421 0.0 0.0
svg/svg/g_1/g_46/text_46/tspan_89 23.0 1.0 0.0 0.0 0.0 0.0 0.0 0.0 1.0 0.0 0.6547180954977057 0.30196078431372547 0.3012757605495584 0.21734357848518113 0.21734357848518113 0.21734357848518113 0.3012757605495584 0.02631578947368421 0.0 0.0
svg/svg/g_1/g_46/clipPath_44/use_44 11.0 1.0 0.0 0.0 0.0 0.0 0.0 0.0 1.0 0.0 0.6551269819635637 0.4549019607843137 0.8979391560353287 0.5093304061470911 0.9747530186608123 0.7420417124039517 0.676153091265947 0.49122807017543857 0.49344978165938863 0.24958173774026843
svg/svg/g_1/g_46/rect_44 3.0 1.0 0.5699686628557434 0.50336 0.9256319389049444 0.0 0.0 0.0 1.0 0.0 0.06555813002589615 0.30196078431372547 0.31894013738959764 0.21734357848518113 0.3907793633369923 0.3040614709110867 0.310107948969578 0.19956140350877194 0.019650655021834062 0.0063436442725954565
svg/svg/g_1/g_47/title_45 32.0 1.0 0.0 0.0 0.0 0.0 0.0 0.0 1.0 0.0 0.06587615283267458 0.4549019607843137 0.8979391560353287 0.5093304061470911 0.9747530186608123 0.7420417124039517 0.676153091265947 0.49122807017543857 0.49344978165938863 0.24958173774026843
svg/svg/g_1/g_47/text_47 9.0 1.0 0.0 0.0 0.0 0.0 0.0 0.0 1.0 0.0 0.06592158466221434 0.24313725490196078 0.2423945044160942 0.21734357848518113 0.21734357848518113 0.21734357848518113 0.2423945044160942 0.02631578947368421 0.0 0.0
svg/svg/g_1/g_47/text_47/tspan_90 23.0 1.0 0.0 0.0 0.0 0.0 0.0 0.0 1.0 0.0 0.6592158466221435 0.24313725490196078 0.2423945044160942 0.21734357848518113 0.21734357848518113 0.21734357848518113 0.2423945044160942 0.02631578947368421 0.0 0.0
svg/svg/g_1/g_47/text_47/tspan_91 23.0 1.0 0.0 0.0 0.0 0.0 0.0 0.0 1.0 0.0 0.6592612784516833 0.24313725490196078 0.2423945044160942 0.21734357848518113 0.21734357848518113 0.21734357848518113 0.2423945044160942 0.02631578947368421 0.0 0.0
svg/svg/g_1/g_47/clipPath_45/use_45 11.0 1.0 0.0 0.0 0.0 0.0 0.0 0.0 1.0 0.0 0.6596701649175413 0.4549019607843137 0.8979391560353287 0.5093304061470911 0.9747530186608123 0.7420417124039517 0.676153091265947 0.49122807017543857 0.49344978165938863 0.24958173774026843
svg/svg/g_1/g_47/rect_45 3.0 1.0 0.5699686628557434 0.50336 0.9256319389049444 0.0 0.0 0.0 1.0 0.0 0.06601244832129391 0.24313725490196078 0.2885181550539745 0.21734357848518113 0.3907793633369923 0.3040614709110867 0.26545632973503436 0.19956140350877194 0.05131004366812227 0.013014927315313975
svg/svg/g_1/g_48/title_46 32.0 1.0 0.0 0.0 0.0 0.0 0.0 0.0 1.0 0.0 0.06633047112807233 0.4549019607843137 0.8979391560353287 0.5093304061470911 0.9747530186608123 0.7420417124039517 0.676153091265947 0.49122807017543857 0.49344978165938863 0.24958173774026843
svg/svg/g_1/g_48/text_48 9.0 1.0 0.0 0.0 0.0 0.0 0.0 0.0 1.0 0.0 0.0663759029576121 0.000980392156862745 0.0 0.4149286498353458 0.4149286498353458 0.4149286498353458 0.0 0.02631578947368421 0.0 0.0
svg/svg/g_1/g_48/text_48/tspan_92 23.0 1.0 0.0 0.0 0.0 0.0 0.0 0.0 1.0 0.0 0.6637590295761211 0.000980392156862745 0.0 0.4149286498353458 0.4149286498353458 0.4149286498353458 0.0 0.02631578947368421 0.0 0.0
svg/svg/g_1/g_48/text_48/tspan_93 23.0 1.0 0.0 0.0 0.0 0.0 0.0 0.0 1.0 0.0 0.6638044614056607 0.000980392156862745 0.0 0.4149286498353458 0.4149286498353458 0.4149286498353458 0.0 0.02631578947368421 0.0 0.0
svg/svg/g_1/g_48/clipPath_46/use_46 11.0 1.0 0.0 0.0 0.0 0.0 0.0 0.0 1.0 0.0 0.6642133478715189 0.4549019607843137 0.8979391560353287 0.5093304061470911 0.9747530186608123 0.7420417124039517 0.676153091265947 0.49122807017543857 0.49344978165938863 0.24958173774026843
svg/svg/g_1/g_48/rect_46 3.0 1.0 0.5699686628557434 0.50336 0.9256319389049444 0.0 0.0 0.0 1.0 0.0 0.06646676661669167 0.000980392156862745 0.2296368989205103 0.4149286498353458 0.4434687156970362 0.429198682766191 0.11481844946025516 0.05482456140350877 0.2554585152838428 0.018305944900918317
svg/svg/g_1/g_49/title_47 32.0 1.0 0.0 0.0 0.0 0.0 0.0 0.0 1.0 0.0 0.06678478942347009 0.4549019607843137 0.8979391560353287 0.5093304061470911 0.9747530186608123 0.7420417124039517 0.676153091265947 0.49122807017543857 0.49344978165938863 0.24958173774026843
svg/svg/g_1/g_49/text_49 9.0 1.0 0.0 0.0 0.0 0.0 0.0 0.0 1.0 0.0 0.06683022125300986 0.000980392156862745 0.0 0.21734357848518113 0.21734357848518113 0.21734357848518113 0.0 0.02631578947368421 0.0 0.0
svg/svg/g_1/g_49/text_49/tspan_94 23.0 1.0 0.0 0.0 0.0 0.0 0.0 0.0 1.0 0.0 0.6683022125300986 0.000980392156862745 0.0 0.21734357848518113 0.21734357848518113 0.21734357848518113 0.0 0.02631578947368421 0.0 0.0
svg/svg/g_1/g_49/text_49/tspan_95 23.0 1.0 0.0 0.0 0.0 0.0 0.0 0.0 1.0 0.0 0.6683476443596383 0.000980392156862745 0.0 0.21734357848518113 0.21734357848518113 0.21734357848518113 0.0 0.02631578947368421 0.0 0.0
svg/svg/g_1/g_49/clipPath_47/use_47 11.0 1.0 0.0 0.0 0.0 0.0 0.0 0.0 1.0 0.0 0.6687565308254964 0.4549019607843137 0.8979391560353287 0.5093304061470911 0.9747530186608123 0.7420417124039517 0.676153091265947 0.49122807017543857 0.49344978165938863 0.24958173774026843
svg/svg/g_1/g_49/rect_47 3.0 1.0 0.5699686628557434 0.50336 0.9256319389049444 0.0 0.0 0.0 1.0 0.0 0.06692108491208942 0.000980392156862745 0.2296368989205103 0.21734357848518113 0.3699231613611416 0.29363336992316136 0.11481844946025516 0.1787280701754386 0.2554585152838428 0.05060276238985761
svg/svg/g_1/g_50/title_48 32.0 1.0 0.0 0.0 0.0 0.0 0.0 0.0 1.0 0.0 0.06723910771886785 0.4549019607843137 0.8979391560353287 0.5093304061470911 0.9747530186608123 0.7420417124039517 0.676153091265947 0.49122807017543857 0.49344978165938863 0.24958173774026843
svg/svg/g_1/g_50/text_50 9.0 1.0 0.0 0.0 0.0 0.0 0.0 0.0 1.0 0.0 0.06728453954840762 0.22058823529411764 0.2198233562315996 0.0010976948408342481 0.0010976948408342481 0.0010976948408342481 0.2198233562315996 0.02631578947368421 0.0 0.0
svg/svg/g_1/g_50/text_50/tspan_96 23.0 1.0 0.0 0.0 0.0 0.0 0.0 0.0 1.0 0.0 0.6728453954840762 0.22058823529411764 0.2198233562315996 0.0010976948408342481 0.0010976948408342481 0.0010976948408342481 0.2198233562315996 0.02631578947368421 0.0 0.0
svg/svg/g_1/g_50/text_50/tspan_97 23.0 1.0 0.0 0.0 0.0 0.0 0.0 0.0 1.0 0.0 0.6728908273136159 0.22058823529411764 0.2198233562315996 0.0010976948408342481 0.0010976948408342481 0.0010976948408342481 0.2198233562315996 0.02631578947368421 0.0 0.0
svg/svg/g_1/g_50/clipPath_48/use_48 11.0 1.0 0.0 0.0 0.0 0.0 0.0 0.0 1.0 0.0 0.673299713779474 0.4549019607843137 0.8979391560353287 0.5093304061470911 0.9747530186608123 0.7420417124039517 0.676153091265947 0.49122807017543857 0.49344978165938863 0.24958173774026843
svg/svg/g_1/g_50/rect_48 3.0 1.0 0.5699686628557434 0.50336 0.9256319389049444 0.0 0.0 0.0 1.0 0.0 0.06737540320748717 0.22058823529411764 0.31894013738959764 0.0010976948408342481 0.17233809001097694 0.0867178924259056 0.2693817468105986 0.19736842105263158 0.11026200873362445 0.025174740677398968
svg/svg/g_1/g_51/title_49 32.0 1.0 0.0 0.0 0.0 0.0 0.0 0.0 1.0 0.0 0.0676934260142656 0.4549019607843137 0.8979391560353287 0.5093304061470911 0.9747530186608123 0.7420417124039517 0.676153091265947 0.49122807017543857 0.49344978165938863 0.24958173774026843
svg/svg/g_1/g_51/text_51 9.0 1.0 0.0 0.0 0.0 0.0 0.0 0.0 1.0 0.0 0.06773885784380537 0.11470588235294117 0.11383709519136408 0.0010976948408342481 0.0010976948408342481 0.0010976948408342481 0.11383709519136408 0.02631578947368421 0.0 0.0
svg/svg/g_1/g_51/text_51/tspan_98 23.0 1.0 0.0 0.0 0.0 0.0 0.0 0.0 1.0 0.0 0.6773885784380538 0.11470588235294117 0.11383709519136408 0.0010976948408342481 0.0010976948408342481 0.0010976948408342481 0.11383709519136408 0.02631578947368421 0.0 0.0
svg/svg/g_1/g_51/text_51/tspan_99 23.0 1.0 0.0 0.0 0.0 0.0 0.0 0.0 1.0 0.0 0.6774340102675934 0.11470588235294117 0.11383709519136408 0.0010976948408342481 0.0010976948408342481 0.0010976948408342481 0.11383709519136408 0.02631578947368421 0.0 0.0
svg/svg/g_1/g_51/clipPath_49/use_49 11.0 1.0 0.0 0.0 0.0 0.0 0.0 0.0 1.0 0.0 0.6778428967334514 0.4549019607843137 0.8979391560353287 0.5093304061470911 0.9747530186608123 0.7420417124039517 0.676153091265947 0.49122807017543857 0.49344978165938863 0.24958173774026843
svg/svg/g_1/g_51/rect_49 3.0 1.0 0.5699686628557434 0.50336 0.9256319389049444 0.0 0.0 0.0 1.0 0.0 0.06782972150288492 0.11470588235294117 0.2070657507360157 0.0010976948408342481 0.17233809001097694 0.0867178924259056 0.1604514229636899 0.19736842105263158 0.1037117903930131 0.023808417295609174
svg/svg/g_1/g_52/title_50 32.0 1.0 0.0 0.0 0.0 0.0 0.0 0.0 1.0 0.0 0.06814774430966335 0.4549019607843137 0.8979391560353287 0.5093304061470911 0.9747530186608123 0.7420417124039517 0.676153091265947 0.49122807017543857 0.49344978165938863 0.24958173774026843
svg/svg/g_1/g_52/text_52 9.0 1.0 0.0 0.0 0.0 0.0 0.0 0.0 1.0 0.0 0.06819317613920313 0.000980392156862745 0.0 0.0010976948408342481 0.0010976948408342481 0.0010976948408342481 0.0 0.02631578947368421 0.0 0.0
svg/svg/g_1/g_52/text_52/tspan_100 23.0 1.0 0.0 0.0 0.0 0.0 0.0 0.0 1.0 0.0 0.6819317613920313 0.000980392156862745 0.0 0.0010976948408342481 0.0010976948408342481 0.0010976948408342481 0.0 0.02631578947368421 0.0 0.0
svg/svg/g_1/g_52/text_52/tspan_101 23.0 1.0 0.0 0.0 0.0 0.0 0.0 0.0 1.0 0.0 0.681977193221571 0.000980392156862745 0.0 0.0010976948408342481 0.0010976948408342481 0.0010976948408342481 0.0 0.02631578947368421 0.0 0.0
svg/svg/g_1/g_52/clipPath_50/use_50 11.0 1.0 0.0 0.0 0.0 0.0 0.0 0.0 1.0 0.0 0.682386079687429 0.4549019607843137 0.8979391560353287 0.5093304061470911 0.9747530186608123 0.7420417124039517 0.676153091265947 0.49122807017543857 0.49344978165938863 0.24958173774026843
svg/svg/g_1/g_52/rect_50 3.0 1.0 0.5699686628557434 0.50336 0.9256319389049444 0.0 0.0 0.0 1.0 0.0 0.06828403979828268 0.000980392156862745 0.10107948969578018 0.0010976948408342481 0.17233809001097694 0.0867178924259056 0.05053974484789009 0.19736842105263158 0.11244541484716157 0.02563018180466223
svg/svg/g_53/g_54/rect_51 3.0 0.0 0.0 0.0 0.0 0.0 0.0 1.0 1.0 0.0 0.009086365907955113 0.39772450980392154 0.49982433758586853 0.4453117453347969 0.5294412733260154 0.48737650933040616 0.44847890088321885 0.11035307017543859 0.11423799126637554 0.01524955850094806
svg/svg/g_53/g_54/text_53 9.0 0.0 0.0 0.0 0.6102574832289365 0.0 0.0 0.0 1.0 0.0 0.00913179773749489 0.403606862745098 0.40302158979391556 0.4453117453347969 0.4453117453347969 0.4453117453347969 0.40302158979391556 0.02631578947368421 0.0 0.0
svg/svg/g_53/g_54/text_53/tspan_102 23.0 0.0 0.0 0.0 0.0 0.0 0.0 0.0 1.0 0.0 0.0913179773749489 0.403606862745098 0.40302158979391556 0.4453117453347969 0.4453117453347969 0.4453117453347969 0.40302158979391556 0.02631578947368421 0.0 0.0
svg/svg/g_53/g_54/text_53/tspan_103 23.0 0.0 0.0 0.0 0.0 0.0 0.0 0.0 1.0 0.0 0.09136340920448867 0.403606862745098 0.40302158979391556 0.4453117453347969 0.4453117453347969 0.4453117453347969 0.40302158979391556 0.02631578947368421 0.0 0.0
svg/svg/g_53/g_55/rect_52 3.0 0.0 0.0 0.0 0.0 0.0 0.0 1.0 1.0 0.0 0.00954068420335287 0.38844215686274514 0.5091157998037291 0.4349187705817783 0.539834248079034 0.48737650933040616 0.44847890088321885 0.13111513157894736 0.1349093886462882 0.020798233771424323
svg/svg/g_53/g_55/text_54 9.0 0.0 0.0 0.0 0.6102574832289365 0.0 0.0 0.0 1.0 0.0 0.009586116032892646 0.3943245098039216 0.39373012757605497 0.4349187705817783 0.4349187705817783 0.4349187705817783 0.39373012757605497 0.02631578947368421 0.0 0.0
svg/svg/g_53/g_55/text_54/tspan_104 23.0 0.0 0.0 0.0 0.0 0.0 0.0 0.0 1.0 0.0 0.09586116032892646 0.3943245098039216 0.39373012757605497 0.4349187705817783 0.4349187705817783 0.4349187705817783 0.39373012757605497 0.02631578947368421 0.0 0.0
svg/svg/g_53/g_55/text_54/tspan_105 23.0 0.0 0.0 0.0 0.0 0.0 0.0 0.0 1.0 0.0 0.09590659215846623 0.3943245098039216 0.39373012757605497 0.4349187705817783 0.4349187705817783 0.4349187705817783 0.39373012757605497 0.02631578947368421 0.0 0.0
svg/svg/g_53/g_56/rect_53 3.0 0.0 0.0 0.0 0.0 0.0 0.0 1.0 1.0 0.0 0.009995002498750625 0.37728823529411765 0.520280667320903 0.42243029637760704 0.5523227222832053 0.48737650933040616 0.44847890088321885 0.15606469298245612 0.15974999999999998 0.02856813259843105
svg/svg/g_53/g_56/text_55 9.0 0.0 0.0 0.0 0.6102574832289365 0.0 0.0 0.0 1.0 0.0 0.010040434328290401 0.3831705882352941 0.38256526005888125 0.42243029637760704 0.42243029637760704 0.42243029637760704 0.38256526005888125 0.02631578947368421 0.0 0.0
svg/svg/g_53/g_56/text_55/tspan_106 23.0 0.0 0.0 0.0 0.0 0.0 0.0 0.0 1.0 0.0 0.10040434328290401 0.3831705882352941 0.38256526005888125 0.42243029637760704 0.42243029637760704 0.42243029637760704 0.38256526005888125 0.02631578947368421 0.0 0.0
svg/svg/g_53/g_56/text_55/tspan_107 23.0 0.0 0.0 0.0 0.0 0.0 0.0 0.0 1.0 0.0 0.10044977511244378 0.3831705882352941 0.38256526005888125 0.42243029637760704 0.42243029637760704 0.42243029637760704 0.38256526005888125 0.02631578947368421 0.0 0.0
svg/svg/g_53/g_57/rect_54 3.0 0.0 0.0 0.0 0.0 0.0 0.0 1.0 1.0 0.0 0.01044932079414838 0.36535 0.5322306182531894 0.40906366630076835 0.5656893523600439 0.48737650933040616 0.44847890088321885 0.18276973684210526 0.18633842794759825 0.03821775546529353
svg/svg/g_53/g_57/text_56 9.0 0.0 0.0 0.0 0.6102574832289365 0.0 0.0 0.0 1.0 0.0 0.010494752623688156 0.37123235294117646 0.3706153091265947 0.40906366630076835 0.40906366630076835 0.40906366630076835 0.3706153091265947 0.02631578947368421 0.0 0.0
svg/svg/g_53/g_57/text_56/tspan_108 23.0 0.0 0.0 0.0 0.0 0.0 0.0 0.0 1.0 0.0 0.10494752623688157 0.37123235294117646 0.3706153091265947 0.40906366630076835 0.40906366630076835 0.40906366630076835 0.3706153091265947 0.02631578947368421 0.0 0.0
svg/svg/g_53/g_57/text_56/tspan_109 23.0 0.0 0.0 0.0 0.0 0.0 0.0 0.0 1.0 0.0 0.10499295806642134 0.37123235294117646 0.3706153091265947 0.40906366630076835 0.40906366630076835 0.40906366630076835 0.3706153091265947 0.02631578947368421 0.0 0.0
svg/svg/g_53/g_58/rect_55 3.0 0.0 0.0 0.0 0.0 0.0 0.0 1.0 1.0 0.0 0.010903639089546136 0.35145882352941177 0.5461354268891069 0.3935104281009879 0.5812425905598243 0.48737650933040616 0.44847890088321885 0.21384320175438598 0.21727620087336244 0.05118083684983455
svg/svg/g_53/g_58/text_57 9.0 0.0 0.0 0.0 0.6102574832289365 0.0 0.0 0.0 1.0 0.0 0.010949070919085913 0.3573411764705882 0.35671050049067715 0.3935104281009879 0.3935104281009879 0.3935104281009879 0.35671050049067715 0.02631578947368421 0.0 0.0
svg/svg/g_53/g_58/text_57/tspan_110 23.0 0.0 0.0 0.0 0.0 0.0 0.0 0.0 1.0 0.0 0.10949070919085913 0.3573411764705882 0.35671050049067715 0.3935104281009879 0.3935104281009879 0.3935104281009879 0.35671050049067715 0.02631578947368421 0.0 0.0
svg/svg/g_53/g_58/text_57/tspan_111 23.0 0.0 0.0 0.0 0.0 0.0 0.0 0.0 1.0 0.0 0.1095361410203989 0.3573411764705882 0.35671050049067715 0.3935104281009879 0.3935104281009879 0.3935104281009879 0.35671050049067715 0.02631578947368421 0.0 0.0
svg/svg/g_53/g_59/rect_56 3.0 0.0 0.0 0.0 0.0 0.0 0.0 1.0 1.0 0.0 0.011357957384943893 0.33574901960784315 0.5618606476938174 0.3759209659714599 0.5988320526893522 0.48737650933040616 0.44847890088321885 0.2489813596491228 0.2522609170305677 0.06808788038628844
svg/svg/g_53/g_59/text_58 9.0 0.0 0.0 0.0 0.6102574832289365 0.0 0.0 0.0 1.0 0.0 0.011403389214483669 0.3416313725490196 0.34098527968596665 0.3759209659714599 0.3759209659714599 0.3759209659714599 0.34098527968596665 0.02631578947368421 0.0 0.0
svg/svg/g_53/g_59/text_58/tspan_112 23.0 0.0 0.0 0.0 0.0 0.0 0.0 0.0 1.0 0.0 0.11403389214483668 0.3416313725490196 0.34098527968596665 0.3759209659714599 0.3759209659714599 0.3759209659714599 0.34098527968596665 0.02631578947368421 0.0 0.0
svg/svg/g_53/g_59/text_58/tspan_113 23.0 0.0 0.0 0.0 0.0 0.0 0.0 0.0 1.0 0.0 0.11407932397437645 0.3416313725490196 0.34098527968596665 0.3759209659714599 0.3759209659714599 0.3759209659714599 0.34098527968596665 0.02631578947368421 0.0 0.0
svg/svg/g_53/g_60/rect_57 3.0 0.0 0.0 0.0 0.0 0.0 0.0 1.0 1.0 0.0 0.011812275680341648 0.3159901960784314 0.5816388616290481 0.3537980241492865 0.6209549945115258 0.48737650933040616 0.44847890088321885 0.2931798245614035 0.2962663755458515 0.09274294530988586
svg/svg/g_53/g_60/text_59 9.0 0.0 0.0 0.0 0.6102574832289365 0.0 0.0 0.0 1.0 0.0 0.011857707509881424 0.3218725490196078 0.32120706575073604 0.3537980241492865 0.3537980241492865 0.3537980241492865 0.32120706575073604 0.02631578947368421 0.0 0.0
svg/svg/g_53/g_60/text_59/tspan_114 23.0 0.0 0.0 0.0 0.0 0.0 0.0 0.0 1.0 0.0 0.11857707509881424 0.3218725490196078 0.32120706575073604 0.3537980241492865 0.3537980241492865 0.3537980241492865 0.32120706575073604 0.02631578947368421 0.0 0.0
svg/svg/g_53/g_60/text_59/tspan_115 23.0 0.0 0.0 0.0 0.0 0.0 0.0 0.0 1.0 0.0 0.11862250692835402 0.3218725490196078 0.32120706575073604 0.3537980241492865 0.3537980241492865 0.3537980241492865 0.32120706575073604 0.02631578947368421 0.0 0.0
svg/svg/g_53/g_61/rect_58 3.0 0.0 0.0 0.0 0.0 0.0 0.0 1.0 1.0 0.0 0.012266593975739403 0.2931549019607843 0.6044965652600589 0.32823051591657515 0.6465225027442371 0.48737650933040616 0.44847890088321885 0.34425767543859653 0.34712117903930134 0.12593827959437856
svg/svg/g_53/g_61/text_60 9.0 0.0 0.0 0.0 0.6102574832289365 0.0 0.0 0.0 1.0 0.0 0.01231202580527918 0.29903725490196076 0.2983493621197252 0.32823051591657515 0.32823051591657515 0.32823051591657515 0.2983493621197252 0.02631578947368421 0.0 0.0
svg/svg/g_53/g_61/text_60/tspan_116 23.0 0.0 0.0 0.0 0.0 0.0 0.0 0.0 1.0 0.0 0.1231202580527918 0.29903725490196076 0.2983493621197252 0.32823051591657515 0.32823051591657515 0.32823051591657515 0.2983493621197252 0.02631578947368421 0.0 0.0
svg/svg/g_53/g_61/text_60/tspan_117 23.0 0.0 0.0 0.0 0.0 0.0 0.0 0.0 1.0 0.0 0.12316568988233158 0.29903725490196076 0.2983493621197252 0.32823051591657515 0.32823051591657515 0.32823051591657515 0.2983493621197252 0.02631578947368421 0.0 0.0
svg/svg/g_53/g_62/rect_59 3.0 0.0 0.0 0.0 0.0 0.0 0.0 1.0 1.0 0.0 0.012720912271137159 0.27578725490196077 0.6218812561334642 0.30878485181119647 0.6659681668496158 0.48737650933040616 0.44847890088321885 0.38310635964912276 0.38580021834061135 0.15456189816708182
svg/svg/g_53/g_62/text_61 9.0 0.0 0.0 0.0 0.6102574832289365 0.0 0.0 0.0 1.0 0.0 0.012766344100676936 0.28166960784313727 0.2809646712463199 0.30878485181119647 0.30878485181119647 0.30878485181119647 0.2809646712463199 0.02631578947368421 0.0 0.0
svg/svg/g_53/g_62/text_61/tspan_118 23.0 0.0 0.0 0.0 0.0 0.0 0.0 0.0 1.0 0.0 0.12766344100676935 0.28166960784313727 0.2809646712463199 0.30878485181119647 0.30878485181119647 0.30878485181119647 0.2809646712463199 0.02631578947368421 0.0 0.0
svg/svg/g_53/g_62/text_61/tspan_119 23.0 0.0 0.0 0.0 0.0 0.0 0.0 0.0 1.0 0.0 0.12770887283630913 0.28166960784313727 0.2809646712463199 0.30878485181119647 0.30878485181119647 0.30878485181119647 0.2809646712463199 0.02631578947368421 0.0 0.0
svg/svg/g_53/g_63/rect_60 3.0 0.0 0.0 0.0 0.0 0.0 0.0 1.0 1.0 0.0 0.013175230566534914 0.2505509803921569 0.6471422963689892 0.2805290889132821 0.6942239297475302 0.48737650933040616 0.44847890088321885 0.4395570175438596 0.44200436681222705 0.20135330961631406
svg/svg/g_53/g_63/text_62 9.0 0.0 0.0 0.0 0.6102574832289365 0.0 0.0 0.0 1.0 0.0 0.013220662396074691 0.25643333333333335 0.2557036310107949 0.2805290889132821 0.2805290889132821 0.2805290889132821 0.2557036310107949 0.02631578947368421 0.0 0.0
svg/svg/g_53/g_63/text_62/tspan_120 23.0 0.0 0.0 0.0 0.0 0.0 0.0 0.0 1.0 0.0 0.1322066239607469 0.25643333333333335 0.2557036310107949 0.2805290889132821 0.2805290889132821 0.2805290889132821 0.2557036310107949 0.02631578947368421 0.0 0.0
svg/svg/g_53/g_63/text_62/tspan_121 23.0 0.0 0.0 0.0 0.0 0.0 0.0 0.0 1.0 0.0 0.1322520557902867 0.25643333333333335 0.2557036310107949 0.2805290889132821 0.2805290889132821 0.2805290889132821 0.2557036310107949 0.02631578947368421 0.0 0.0
svg/svg/g_53/g_64/rect_61 3.0 0.0 0.0 0.0 0.0 0.0 0.0 1.0 1.0 0.0 0.0954068420335287 0.22598823529411766 0.671729146221786 0.25302744237102087 0.7217255762897914 0.48737650933040616 0.44847890088321885 0.4945 0.496707423580786 0.2528093932408819
svg/svg/g_53/g_64/text_63 9.0 0.0 0.0 0.0 0.6102574832289365 0.0 0.0 0.0 1.0 0.0 0.09545227386306847 0.23187058823529413 0.23111678115799805 0.25302744237102087 0.2530274423710208 0.25302744237102087 0.23111678115799805 0.02631578947368421 0.0 0.0
svg/svg/g_53/g_64/text_63/tspan_122 23.0 0.0 0.0 0.0 0.0 0.0 0.0 0.0 1.0 0.0 0.9545227386306847 0.23187058823529413 0.23111678115799805 0.25302744237102087 0.2530274423710208 0.25302744237102087 0.23111678115799805 0.02631578947368421 0.0 0.0
svg/svg/g_53/g_64/text_63/tspan_123 23.0 0.0 0.0 0.0 0.0 0.0 0.0 0.0 1.0 0.0 0.9545681704602245 0.23187058823529413 0.23111678115799805 0.25302744237102087 0.2530274423710208 0.25302744237102087 0.23111678115799805 0.02631578947368421 0.0 0.0
svg/svg/g_53/g_65/rect_62 3.0 0.0 0.0 0.0 0.0 0.0 0.0 1.0 1.0 0.0 0.09586116032892646 0.2030862745098039 0.6946535819430815 0.2273852908891328 0.7473677277716795 0.48737650933040616 0.44847890088321885 0.5457291666666667 0.5477128820960699 0.3060434562869465
svg/svg/g_53/g_65/text_64 9.0 0.0 0.0 0.0 0.6102574832289365 0.0 0.0 0.0 1.0 0.0 0.09590659215846623 0.20896862745098038 0.20819234543670265 0.2273852908891328 0.2273852908891328 0.2273852908891328 0.20819234543670265 0.02631578947368421 0.0 0.0
svg/svg/g_53/g_65/text_64/tspan_124 23.0 0.0 0.0 0.0 0.0 0.0 0.0 0.0 1.0 0.0 0.9590659215846623 0.20896862745098038 0.20819234543670265 0.2273852908891328 0.2273852908891328 0.2273852908891328 0.20819234543670265 0.02631578947368421 0.0 0.0
svg/svg/g_53/g_65/text_64/tspan_125 23.0 0.0 0.0 0.0 0.0 0.0 0.0 0.0 1.0 0.0 0.959111353414202 0.20896862745098038 0.20819234543670265 0.2273852908891328 0.2273852908891328 0.2273852908891328 0.20819234543670265 0.02631578947368421 0.0 0.0
svg/svg/g_53/g_66/rect_63 3.0 0.0 0.0 0.0 0.0 0.0 0.0 1.0 1.0 0.0 0.0963154786243242 0.1778862745098039 0.7198783120706576 0.1991701427003293 0.775582875960483 0.48737650933040616 0.44847890088321885 0.6020953947368421 0.6038329694323143 0.37047631009034465
svg/svg/g_53/g_66/text_65 9.0 0.0 0.0 0.0 0.6102574832289365 0.0 0.0 0.0 1.0 0.0 0.09636091045386398 0.18376862745098038 0.18296761530912659 0.1991701427003293 0.1991701427003293 0.1991701427003293 0.18296761530912659 0.02631578947368421 0.0 0.0
svg/svg/g_53/g_66/text_65/tspan_126 23.0 0.0 0.0 0.0 0.0 0.0 0.0 0.0 1.0 0.0 0.9636091045386398 0.18376862745098038 0.18296761530912659 0.1991701427003293 0.1991701427003293 0.1991701427003293 0.18296761530912659 0.02631578947368421 0.0 0.0
svg/svg/g_53/g_66/text_65/tspan_127 23.0 0.0 0.0 0.0 0.0 0.0 0.0 0.0 1.0 0.0 0.9636545363681795 0.18376862745098038 0.18296761530912659 0.1991701427003293 0.1991701427003293 0.1991701427003293 0.18296761530912659 0.02631578947368421 0.0 0.0
svg/svg/g_53/g_67/rect_64 3.0 0.0 0.0 0.0 0.0 0.0 0.0 1.0 1.0 0.0 0.09676979691972196 0.15789411764705882 0.7398900883218842 0.17678594950603732 0.797967069154775 0.48737650933040616 0.44847890088321885 0.6468168859649124 0.6483591703056769 0.4259666215098338
svg/svg/g_53/g_67/text_66 9.0 0.0 0.0 0.0 0.6102574832289365 0.0 0.0 0.0 1.0 0.0 0.09681522874926174 0.16377647058823527 0.1629558390578999 0.17678594950603732 0.17678594950603732 0.17678594950603732 0.1629558390578999 0.02631578947368421 0.0 0.0
svg/svg/g_53/g_67/text_66/tspan_128 23.0 0.0 0.0 0.0 0.0 0.0 0.0 0.0 1.0 0.0 0.9681522874926174 0.16377647058823527 0.1629558390578999 0.17678594950603732 0.17678594950603732 0.17678594950603732 0.1629558390578999 0.02631578947368421 0.0 0.0
svg/svg/g_53/g_67/text_66/tspan_129 23.0 0.0 0.0 0.0 0.0 0.0 0.0 0.0 1.0 0.0 0.9681977193221571 0.16377647058823527 0.1629558390578999 0.17678594950603732 0.17678594950603732 0.17678594950603732 0.1629558390578999 0.02631578947368421 0.0 0.0
svg/svg/g_53/g_68/rect_65 3.0 0.0 0.0 0.0 0.0 0.0 0.0 1.0 1.0 0.0 0.09722411521511971 0.1347313725490196 0.7630755642787046 0.15085181119648736 0.8239012074643248 0.48737650933040616 0.44847890088321885 0.6986271929824561 0.6999432314410481 0.4950857786184333
svg/svg/g_53/g_68/text_67 9.0 0.0 0.0 0.0 0.6102574832289365 0.0 0.0 0.0 1.0 0.0 0.0972695470446595 0.14061372549019607 0.1397703631010795 0.15085181119648736 0.15085181119648736 0.15085181119648736 0.1397703631010795 0.02631578947368421 0.0 0.0
svg/svg/g_53/g_68/text_67/tspan_130 23.0 0.0 0.0 0.0 0.0 0.0 0.0 0.0 1.0 0.0 0.9726954704465949 0.14061372549019607 0.1397703631010795 0.15085181119648736 0.15085181119648736 0.15085181119648736 0.1397703631010795 0.02631578947368421 0.0 0.0
svg/svg/g_53/g_68/text_67/tspan_131 23.0 0.0 0.0 0.0 0.0 0.0 0.0 0.0 1.0 0.0 0.9727409022761346 0.14061372549019607 0.1397703631010795 0.15085181119648736 0.15085181119648736 0.15085181119648736 0.1397703631010795 0.02631578947368421 0.0 0.0
svg/svg/g_53/g_69/rect_66 3.0 0.0 0.0 0.0 0.0 0.0 0.0 1.0 1.0 0.0 0.09767843351051747 0.12329117647058824 0.7745269872423945 0.13804281009879255 0.8367102085620198 0.48737650933040616 0.44847890088321885 0.7242171052631579 0.7254213973799126 0.5311388212440049
svg/svg/g_53/g_69/text_68 9.0 0.0 0.0 0.0 0.6102574832289365 0.0 0.0 0.0 1.0 0.0 0.09772386534005724 0.12917352941176471 0.1283189401373896 0.13804281009879255 0.13804281009879255 0.13804281009879255 0.1283189401373896 0.02631578947368421 0.0 0.0
svg/svg/g_53/g_69/text_68/tspan_132 23.0 0.0 0.0 0.0 0.0 0.0 0.0 0.0 1.0 0.0 0.9772386534005725 0.12917352941176471 0.1283189401373896 0.13804281009879255 0.13804281009879255 0.13804281009879255 0.1283189401373896 0.02631578947368421 0.0 0.0
svg/svg/g_53/g_69/text_68/tspan_133 23.0 0.0 0.0 0.0 0.0 0.0 0.0 0.0 1.0 0.0 0.9772840852301122 0.12917352941176471 0.1283189401373896 0.13804281009879255 0.13804281009879255 0.13804281009879255 0.1283189401373896 0.02631578947368421 0.0 0.0
svg/svg/g_53/g_70/rect_67 3.0 0.0 0.0 0.0 0.0 0.0 0.0 1.0 1.0 0.0 0.09813275180591523 0.10006568627450979 0.797775269872424 0.11203841931942919 0.8627145993413831 0.48737650933040616 0.44847890088321885 0.7761688596491227 0.777146288209607 0.6082253434397888
svg/svg/g_53/g_70/text_69 9.0 0.0 0.0 0.0 0.6102574832289365 0.0 0.0 0.0 1.0 0.0 0.098178183635455 0.10594803921568627 0.10507065750736015 0.11203841931942919 0.1120384193194292 0.11203841931942919 0.10507065750736015 0.02631578947368421 0.0 0.0
svg/svg/g_53/g_70/text_69/tspan_134 23.0 0.0 0.0 0.0 0.0 0.0 0.0 0.0 1.0 0.0 0.9817818363545501 0.10594803921568627 0.10507065750736015 0.11203841931942919 0.1120384193194292 0.11203841931942919 0.10507065750736015 0.02631578947368421 0.0 0.0
svg/svg/g_53/g_70/text_69/tspan_135 23.0 0.0 0.0 0.0 0.0 0.0 0.0 0.0 1.0 0.0 0.9818272681840897 0.10594803921568627 0.10507065750736015 0.11203841931942919 0.1120384193194292 0.11203841931942919 0.10507065750736015 0.02631578947368421 0.0 0.0
svg/svg/g_53/g_71/rect_68 3.0 0.0 0.0 0.0 0.0 0.0 0.0 1.0 1.0 0.0 0.09858707010131298 0.06863333333333334 0.8292384690873406 0.07684522502744237 0.8979077936333699 0.48737650933040616 0.44847890088321885 0.8464780701754386 0.8471484716157206 0.7208576792950887
svg/svg/g_53/g_71/text_70 9.0 0.0 0.0 0.0 0.6102574832289365 0.0 0.0 0.0 1.0 0.0 0.09863250193085275 0.0745156862745098 0.07360745829244357 0.07684522502744237 0.07684522502744237 0.07684522502744237 0.07360745829244357 0.02631578947368421 0.0 0.0
svg/svg/g_53/g_71/text_70/tspan_136 23.0 0.0 0.0 0.0 0.0 0.0 0.0 0.0 1.0 0.0 0.9863250193085276 0.0745156862745098 0.07360745829244357 0.07684522502744237 0.07684522502744237 0.07684522502744237 0.07360745829244357 0.02631578947368421 0.0 0.0
svg/svg/g_53/g_71/text_70/tspan_137 23.0 0.0 0.0 0.0 0.0 0.0 0.0 0.0 1.0 0.0 0.9863704511380673 0.0745156862745098 0.07360745829244357 0.07684522502744237 0.07684522502744237 0.07684522502744237 0.07360745829244357 0.02631578947368421 0.0 0.0
svg/svg/g_53/g_72/rect_69 3.0 0.0 0.0 0.0 0.0 0.0 0.0 1.0 1.0 0.0 0.09904138839671074 0.043708823529411765 0.8541874386653582 0.04893852908891328 0.925814489571899 0.48737650933040616 0.44847890088321885 0.9022302631578947 0.9026572052401746 0.8169620217868163
svg/svg/g_53/g_72/text_71 9.0 0.0 0.0 0.0 0.6102574832289365 0.0 0.0 0.0 1.0 0.0 0.09908682022625051 0.049591176470588236 0.04865848871442591 0.04893852908891328 0.04893852908891328 0.04893852908891328 0.04865848871442591 0.02631578947368421 0.0 0.0
svg/svg/g_53/g_72/text_71/tspan_138 23.0 0.0 0.0 0.0 0.0 0.0 0.0 0.0 1.0 0.0 0.9908682022625052 0.049591176470588236 0.04865848871442591 0.04893852908891328 0.04893852908891328 0.04893852908891328 0.04865848871442591 0.02631578947368421 0.0 0.0
svg/svg/g_53/g_72/text_71/tspan_139 23.0 0.0 0.0 0.0 0.0 0.0 0.0 0.0 1.0 0.0 0.9909136340920449 0.049591176470588236 0.04865848871442591 0.04893852908891328 0.04893852908891328 0.04893852908891328 0.04865848871442591 0.02631578947368421 0.0 0.0
svg/svg/g_53/g_73/rect_70 3.0 0.0 0.0 0.0 0.0 0.0 0.0 1.0 1.0 0.0 0.0994957066921085 0.0207421568627451 0.8771766437684003 0.023223929747530188 0.951529088913282 0.48737650933040616 0.44847890088321885 0.9536019736842105 0.9538045851528384 0.9108333631538833
svg/svg/g_53/g_73/text_72 9.0 0.0 0.0 0.0 0.6102574832289365 0.0 0.0 0.0 1.0 0.0 0.09954113852164827 0.02662450980392157 0.025669283611383705 0.023223929747530188 0.023223929747530184 0.023223929747530184 0.025669283611383705 0.02631578947368421 0.0 0.0
svg/svg/g_53/g_73/text_72/tspan_140 23.0 0.0 0.0 0.0 0.0 0.0 0.0 0.0 1.0 0.0 0.9954113852164828 0.02662450980392157 0.025669283611383705 0.023223929747530188 0.023223929747530184 0.023223929747530184 0.025669283611383705 0.02631578947368421 0.0 0.0
svg/svg/g_53/g_73/text_72/tspan_141 23.0 0.0 0.0 0.0 0.0 0.0 0.0 0.0 1.0 0.0 0.9954568170460224 0.02662450980392157 0.025669283611383705 0.023223929747530188 0.023223929747530184 0.023223929747530184 0.025669283611383705 0.02631578947368421 0.0 0.0
svg/svg/g_53/g_74/rect_71 3.0 1.0 0.0 0.0 0.0 0.0 0.0 1.0 1.0 0.0 0.09995002498750626 0.0 0.8979391560353287 0.0 0.9747530186608123 0.48737650933040616 0.44847890088321885 1.0 1.0 1.0
svg/svg/g_53/g_74/text_73 9.0 1.0 0.0 0.0 0.6102574832289365 0.0 0.0 0.0 1.0 0.0 0.09999545681704602 0.0058823529411764705 0.004906771344455349 0.0 0.0 0.0 0.004906771344455349 0.02631578947368421 0.0 0.0
svg/svg/g_53/g_74/text_73/tspan_142 23.0 1.0 0.0 0.0 0.0 0.0 0.0 0.0 1.0 0.0 0.9999545681704602 0.0058823529411764705 0.004906771344455349 0.0 0.0 0.0 0.004906771344455349 0.02631578947368421 0.0 0.0
svg/svg/g_53/g_74/text_73/tspan_143 23.0 1.0 0.0 0.0 0.0 0.0 0.0 0.0 1.0 0.0 1.0 0.0058823529411764705 0.004906771344455349 0.0 0.0 0.0 0.004906771344455349 0.02631578947368421 0.0 0.0
