svg/svg/g/a                              24 1.0 0.0 0.0 0.0 0.0 0.0 0.0 1.0 0.0 0.0 210.0 420.0 320.0 640.0 480.0 315.0 320.0 210.0 67200.0
svg/svg/g/a/text                         9 1.0 0.0 0.0 0.0 0.0 0.0 0.0 1.0 0.0 0.0 3930.0 3940.0 0.0 40.0 20.0 3935.0 40.0 10.0 400.0
svg/svg/g/text_1                         9 1.0 0.0 0.0 0.0 0.0 0.0 0.0 1.0 0.0 0.1 3920.0 3930.0 0.0 40.0 20.0 3925.0 40.0 10.0 400.0
svg/svg/g_2/circle                       4 1.0 0.0 0.0 0.0 0.0 0.0 100.0 1.0 0.0 2.0 151.538 155.538 618.0 622.0 620.0 153.538 4.0 4.0 16.0
svg/svg/g_2/circle_1                     4 1.0 0.0 0.0 0.0 0.0 0.0 100.0 1.0 0.0 2.1 158.0 162.0 614.63 618.63 616.63 160.0 4.0 4.0 16.0
svg/svg/g_2/circle_2                     4 1.0 0.0 0.0 0.0 0.0 0.0 100.0 1.0 0.0 2.2 134.308 138.308 611.251 615.251 613.251 136.308 4.0 4.0 16.0
svg/svg/g_2/circle_3                     4 1.0 0.0 0.0 0.0 0.0 0.0 100.0 1.0 0.0 2.3 138.308 142.308 607.881 611.881 609.881 140.308 4.0 4.0 16.0
svg/svg/g_2/circle_4                     4 1.0 0.0 0.0 0.0 0.0 0.0 100.0 1.0 0.0 2.4 159.538 163.538 604.511 608.511 606.511 161.538 4.0 4.0 16.0
svg/svg/g_2/circle_5                     4 1.0 0.0 0.0 0.0 0.0 0.0 100.0 1.0 0.0 2.5 147.846 151.846 601.142 605.142 603.142 149.846 4.0 4.0 16.0
svg/svg/g_2/circle_6                     4 1.0 0.0 0.0 0.0 0.0 0.0 100.0 1.0 0.0 2.6 132.923 136.923 597.763 601.763 599.763 134.923 4.0 4.0 16.0
svg/svg/g_2/circle_7                     4 1.0 0.0 0.0 0.0 0.0 0.0 100.0 1.0 0.0 2.7 154.154 158.154 594.393 598.393 596.393 156.154 4.0 4.0 16.0
svg/svg/g_2/circle_8                     4 1.0 0.0 0.0 0.0 0.0 0.0 100.0 1.0 0.0 2.8 176.308 180.308 591.023 595.023 593.023 178.308 4.0 4.0 16.0
svg/svg/g_2/circle_9                     4 1.0 0.0 0.0 0.0 0.0 0.0 100.0 1.0 0.0 2.9 187.231 191.231 587.653 591.653 589.653 189.231 4.0 4.0 16.0
svg/svg/g_2/circle_10                    4 1.0 0.0 0.0 0.0 0.0 0.0 100.0 1.0 0.0 2.1 190.154 194.154 584.274 588.274 586.274 192.154 4.0 4.0 16.0
svg/svg/g_2/circle_11                    4 1.0 0.0 0.0 0.0 0.0 0.0 100.0 1.0 0.0 2.11 193.077 197.077 580.904 584.904 582.904 195.077 4.0 4.0 16.0
svg/svg/g_2/circle_12                    4 1.0 0.0 0.0 0.0 0.0 0.0 100.0 1.0 0.0 2.12 176.308 180.308 577.534 581.534 579.534 178.308 4.0 4.0 16.0
svg/svg/g_2/circle_13                    4 1.0 0.0 0.0 0.0 0.0 0.0 100.0 1.0 0.0 2.13 186.923 190.923 574.164 578.164 576.164 188.923 4.0 4.0 16.0
svg/svg/g_2/circle_14                    4 1.0 0.0 0.0 0.0 0.0 0.0 100.0 1.0 0.0 2.14 207.538 211.538 570.785 574.785 572.785 209.538 4.0 4.0 16.0
svg/svg/g_2/circle_15                    4 1.0 0.0 0.0 0.0 0.0 0.0 100.0 1.0 0.0 2.15 188.154 192.154 567.415 571.415 569.415 190.154 4.0 4.0 16.0
svg/svg/g_2/circle_16                    4 1.0 0.0 0.0 0.0 0.0 0.0 100.0 1.0 0.0 2.16 190.154 194.154 564.046 568.046 566.046 192.154 4.0 4.0 16.0
svg/svg/g_2/circle_17                    4 1.0 0.0 0.0 0.0 0.0 0.0 100.0 1.0 0.0 2.17 182.462 186.462 560.676 564.676 562.676 184.462 4.0 4.0 16.0
svg/svg/g_2/circle_18                    4 1.0 0.0 0.0 0.0 0.0 0.0 100.0 1.0 0.0 2.18 208.154 212.154 557.297 561.297 559.297 210.154 4.0 4.0 16.0
svg/svg/g_2/circle_19                    4 1.0 0.0 0.0 0.0 0.0 0.0 100.0 1.0 0.0 2.19 194.615 198.615 553.927 557.927 555.927 196.615 4.0 4.0 16.0
svg/svg/g_2/circle_20                    4 1.0 0.0 0.0 0.0 0.0 0.0 100.0 1.0 0.0 2.2 191.846 195.846 550.557 554.557 552.557 193.846 4.0 4.0 16.0
svg/svg/g_2/circle_21                    4 1.0 0.0 0.0 0.0 0.0 0.0 100.0 1.0 0.0 2.21 206.308 210.308 547.187 551.187 549.187 208.308 4.0 4.0 16.0
svg/svg/g_2/circle_22                    4 1.0 0.0 0.0 0.0 0.0 0.0 100.0 1.0 0.0 2.22 226.923 230.923 543.808 547.808 545.808 228.923 4.0 4.0 16.0
svg/svg/g_2/circle_23                    4 1.0 0.0 0.0 0.0 0.0 0.0 100.0 1.0 0.0 2.23 227.077 231.077 540.438 544.438 542.438 229.077 4.0 4.0 16.0
svg/svg/g_2/circle_24                    4 1.0 0.0 0.0 0.0 0.0 0.0 100.0 1.0 0.0 2.24 189.846 193.846 537.068 541.068 539.068 191.846 4.0 4.0 16.0
svg/svg/g_2/circle_25                    4 1.0 0.0 0.0 0.0 0.0 0.0 100.0 1.0 0.0 2.25 213.077 217.077 533.699 537.699 535.699 215.077 4.0 4.0 16.0
svg/svg/g_2/circle_26                    4 1.0 0.0 0.0 0.0 0.0 0.0 100.0 1.0 0.0 2.26 234.462 238.462 530.32 534.32 532.32 236.462 4.0 4.0 16.0
svg/svg/g_2/circle_27                    4 1.0 0.0 0.0 0.0 0.0 0.0 100.0 1.0 0.0 2.27 217.538 221.538 526.95 530.95 528.95 219.538 4.0 4.0 16.0
svg/svg/g_2/circle_28                    4 1.0 0.0 0.0 0.0 0.0 0.0 100.0 1.0 0.0 2.28 241.846 245.846 523.58 527.58 525.58 243.846 4.0 4.0 16.0
svg/svg/g_2/circle_29                    4 1.0 0.0 0.0 0.0 0.0 0.0 100.0 1.0 0.0 2.29 249.385 253.385 520.21 524.21 522.21 251.385 4.0 4.0 16.0
svg/svg/g_2/circle_30                    4 1.0 0.0 0.0 0.0 0.0 0.0 100.0 1.0 0.0 2.3 258.308 262.308 516.831 520.831 518.831 260.308 4.0 4.0 16.0
svg/svg/g_2/circle_31                    4 1.0 0.0 0.0 0.0 0.0 0.0 100.0 1.0 0.0 2.31 226.154 230.154 513.461 517.461 515.461 228.154 4.0 4.0 16.0
svg/svg/g_2/circle_32                    4 1.0 0.0 0.0 0.0 0.0 0.0 100.0 1.0 0.0 2.32 224.308 228.308 510.091 514.091 512.091 226.308 4.0 4.0 16.0
svg/svg/g_2/circle_33                    4 1.0 0.0 0.0 0.0 0.0 0.0 100.0 1.0 0.0 2.33 253.077 257.077 506.721 510.721 508.721 255.077 4.0 4.0 16.0
svg/svg/g_2/circle_34                    4 1.0 0.0 0.0 0.0 0.0 0.0 100.0 1.0 0.0 2.34 235.538 239.538 503.342 507.342 505.342 237.538 4.0 4.0 16.0
svg/svg/g_2/circle_35                    4 1.0 0.0 0.0 0.0 0.0 0.0 100.0 1.0 0.0 2.35 242.308 246.308 499.973 503.973 501.973 244.308 4.0 4.0 16.0
svg/svg/g_2/circle_36                    4 1.0 0.0 0.0 0.0 0.0 0.0 100.0 1.0 0.0 2.36 263.846 267.846 496.603 500.603 498.603 265.846 4.0 4.0 16.0
svg/svg/g_2/circle_37                    4 1.0 0.0 0.0 0.0 0.0 0.0 100.0 1.0 0.0 2.37 272.0 276.0 493.233 497.233 495.233 274.0 4.0 4.0 16.0
svg/svg/g_2/circle_38                    4 1.0 0.0 0.0 0.0 0.0 0.0 100.0 1.0 0.0 2.38 271.538 275.538 489.854 493.854 491.854 273.538 4.0 4.0 16.0
svg/svg/g_2/circle_39                    4 1.0 0.0 0.0 0.0 0.0 0.0 100.0 1.0 0.0 2.39 245.692 249.692 486.484 490.484 488.484 247.692 4.0 4.0 16.0
svg/svg/g_2/circle_40                    4 1.0 0.0 0.0 0.0 0.0 0.0 100.0 1.0 0.0 2.4 273.538 277.538 483.114 487.114 485.114 275.538 4.0 4.0 16.0
svg/svg/g_2/circle_41                    4 1.0 0.0 0.0 0.0 0.0 0.0 100.0 1.0 0.0 2.41 240.308 244.308 479.744 483.744 481.744 242.308 4.0 4.0 16.0
svg/svg/g_2/circle_42                    4 1.0 0.0 0.0 0.0 0.0 0.0 100.0 1.0 0.0 2.42 248.154 252.154 476.365 480.365 478.365 250.154 4.0 4.0 16.0
svg/svg/g_2/circle_43                    4 1.0 0.0 0.0 0.0 0.0 0.0 100.0 1.0 0.0 2.43 266.923 270.923 472.995 476.995 474.995 268.923 4.0 4.0 16.0
svg/svg/g_2/circle_44                    4 1.0 0.0 0.0 0.0 0.0 0.0 100.0 1.0 0.0 2.44 278.615 282.615 469.626 473.626 471.626 280.615 4.0 4.0 16.0
svg/svg/g_2/circle_45                    4 1.0 0.0 0.0 0.0 0.0 0.0 100.0 1.0 0.0 2.45 259.385 263.385 466.256 470.256 468.256 261.385 4.0 4.0 16.0
svg/svg/g_2/circle_46                    4 1.0 0.0 0.0 0.0 0.0 0.0 100.0 1.0 0.0 2.46 310.154 314.154 462.877 466.877 464.877 312.154 4.0 4.0 16.0
svg/svg/g_2/circle_47                    4 1.0 0.0 0.0 0.0 0.0 0.0 100.0 1.0 0.0 2.47 295.231 299.231 459.507 463.507 461.507 297.231 4.0 4.0 16.0
svg/svg/g_2/circle_48                    4 1.0 0.0 0.0 0.0 0.0 0.0 100.0 1.0 0.0 2.48 305.231 309.231 456.137 460.137 458.137 307.231 4.0 4.0 16.0
svg/svg/g_2/circle_49                    4 1.0 0.0 0.0 0.0 0.0 0.0 100.0 1.0 0.0 2.49 273.538 277.538 452.767 456.767 454.767 275.538 4.0 4.0 16.0
svg/svg/g_2/circle_50                    4 1.0 0.0 0.0 0.0 0.0 0.0 100.0 1.0 0.0 2.5 294.308 298.308 449.388 453.388 451.388 296.308 4.0 4.0 16.0
svg/svg/g_2/circle_51                    4 1.0 0.0 0.0 0.0 0.0 0.0 100.0 1.0 0.0 2.51 311.231 315.231 446.018 450.018 448.018 313.231 4.0 4.0 16.0
svg/svg/g_2/circle_52                    4 1.0 0.0 0.0 0.0 0.0 0.0 100.0 1.0 0.0 2.52 293.077 297.077 442.648 446.648 444.648 295.077 4.0 4.0 16.0
svg/svg/g_2/circle_53                    4 1.0 0.0 0.0 0.0 0.0 0.0 100.0 1.0 0.0 2.53 285.692 289.692 439.279 443.279 441.279 287.692 4.0 4.0 16.0
svg/svg/g_2/circle_54                    4 1.0 0.0 0.0 0.0 0.0 0.0 100.0 1.0 0.0 2.54 308.769 312.769 435.899 439.899 437.899 310.769 4.0 4.0 16.0
svg/svg/g_2/circle_55                    4 1.0 0.0 0.0 0.0 0.0 0.0 100.0 1.0 0.0 2.55 297.077 301.077 432.53 436.53 434.53 299.077 4.0 4.0 16.0
svg/svg/g_2/circle_56                    4 1.0 0.0 0.0 0.0 0.0 0.0 100.0 1.0 0.0 2.56 302.0 306.0 429.16 433.16 431.16 304.0 4.0 4.0 16.0
svg/svg/g_2/circle_57                    4 1.0 0.0 0.0 0.0 0.0 0.0 100.0 1.0 0.0 2.57 311.077 315.077 425.79 429.79 427.79 313.077 4.0 4.0 16.0
svg/svg/g_2/circle_58                    4 1.0 0.0 0.0 0.0 0.0 0.0 100.0 1.0 0.0 2.58 329.846 333.846 422.411 426.411 424.411 331.846 4.0 4.0 16.0
svg/svg/g_2/circle_59                    4 1.0 0.0 0.0 0.0 0.0 0.0 100.0 1.0 0.0 2.59 288.769 292.769 419.041 423.041 421.041 290.769 4.0 4.0 16.0
svg/svg/g_2/circle_60                    4 1.0 0.0 0.0 0.0 0.0 0.0 100.0 1.0 0.0 2.6 295.385 299.385 415.671 419.671 417.671 297.385 4.0 4.0 16.0
svg/svg/g_2/circle_61                    4 1.0 0.0 0.0 0.0 0.0 0.0 100.0 1.0 0.0 2.61 286.308 290.308 412.301 416.301 414.301 288.308 4.0 4.0 16.0
svg/svg/g_2/circle_62                    4 1.0 0.0 0.0 0.0 0.0 0.0 100.0 1.0 0.0 2.62 298.0 302.0 408.922 412.922 410.922 300.0 4.0 4.0 16.0
svg/svg/g_2/circle_63                    4 1.0 0.0 0.0 0.0 0.0 0.0 100.0 1.0 0.0 2.63 289.231 293.231 405.552 409.552 407.552 291.231 4.0 4.0 16.0
svg/svg/g_2/circle_64                    4 1.0 0.0 0.0 0.0 0.0 0.0 100.0 1.0 0.0 2.64 286.462 290.462 402.183 406.183 404.183 288.462 4.0 4.0 16.0
svg/svg/g_2/circle_65                    4 1.0 0.0 0.0 0.0 0.0 0.0 100.0 1.0 0.0 2.65 287.231 291.231 398.813 402.813 400.813 289.231 4.0 4.0 16.0
svg/svg/g_2/circle_66                    4 1.0 0.0 0.0 0.0 0.0 0.0 100.0 1.0 0.0 2.66 322.462 326.462 395.434 399.434 397.434 324.462 4.0 4.0 16.0
svg/svg/g_2/circle_67                    4 1.0 0.0 0.0 0.0 0.0 0.0 100.0 1.0 0.0 2.67 310.0 314.0 392.064 396.064 394.064 312.0 4.0 4.0 16.0
svg/svg/g_2/circle_68                    4 1.0 0.0 0.0 0.0 0.0 0.0 100.0 1.0 0.0 2.68 302.308 306.308 388.694 392.694 390.694 304.308 4.0 4.0 16.0
svg/svg/g_2/circle_69                    4 1.0 0.0 0.0 0.0 0.0 0.0 100.0 1.0 0.0 2.69 272.308 276.308 385.324 389.324 387.324 274.308 4.0 4.0 16.0
svg/svg/g_2/circle_70                    4 1.0 0.0 0.0 0.0 0.0 0.0 100.0 1.0 0.0 2.7 283.385 287.385 381.945 385.945 383.945 285.385 4.0 4.0 16.0
svg/svg/g_2/circle_71                    4 1.0 0.0 0.0 0.0 0.0 0.0 100.0 1.0 0.0 2.71 294.615 298.615 378.575 382.575 380.575 296.615 4.0 4.0 16.0
svg/svg/g_2/circle_72                    4 1.0 0.0 0.0 0.0 0.0 0.0 100.0 1.0 0.0 2.72 322.308 326.308 375.205 379.205 377.205 324.308 4.0 4.0 16.0
svg/svg/g_2/circle_73                    4 1.0 0.0 0.0 0.0 0.0 0.0 100.0 1.0 0.0 2.73 312.462 316.462 371.836 375.836 373.836 314.462 4.0 4.0 16.0
svg/svg/g_2/circle_74                    4 1.0 0.0 0.0 0.0 0.0 0.0 100.0 1.0 0.0 2.74 311.231 315.231 368.457 372.457 370.457 313.231 4.0 4.0 16.0
svg/svg/g_2/circle_75                    4 1.0 0.0 0.0 0.0 0.0 0.0 100.0 1.0 0.0 2.75 296.769 300.769 365.087 369.087 367.087 298.769 4.0 4.0 16.0
svg/svg/g_2/circle_76                    4 1.0 0.0 0.0 0.0 0.0 0.0 100.0 1.0 0.0 2.76 307.385 311.385 361.717 365.717 363.717 309.385 4.0 4.0 16.0
svg/svg/g_2/circle_77                    4 1.0 0.0 0.0 0.0 0.0 0.0 100.0 1.0 0.0 2.77 284.923 288.923 358.347 362.347 360.347 286.923 4.0 4.0 16.0
svg/svg/g_2/circle_78                    4 1.0 0.0 0.0 0.0 0.0 0.0 100.0 1.0 0.0 2.78 265.385 269.385 354.968 358.968 356.968 267.385 4.0 4.0 16.0
svg/svg/g_2/circle_79                    4 1.0 0.0 0.0 0.0 0.0 0.0 100.0 1.0 0.0 2.79 281.692 285.692 351.598 355.598 353.598 283.692 4.0 4.0 16.0
svg/svg/g_2/circle_80                    4 1.0 0.0 0.0 0.0 0.0 0.0 100.0 1.0 0.0 2.8 290.0 294.0 348.228 352.228 350.228 292.0 4.0 4.0 16.0
svg/svg/g_2/circle_81                    4 1.0 0.0 0.0 0.0 0.0 0.0 100.0 1.0 0.0 2.81 291.538 295.538 344.858 348.858 346.858 293.538 4.0 4.0 16.0
svg/svg/g_2/circle_82                    4 1.0 0.0 0.0 0.0 0.0 0.0 100.0 1.0 0.0 2.82 284.615 288.615 341.479 345.479 343.479 286.615 4.0 4.0 16.0
svg/svg/g_2/circle_83                    4 1.0 0.0 0.0 0.0 0.0 0.0 100.0 1.0 0.0 2.83 297.385 301.385 338.11 342.11 340.11 299.385 4.0 4.0 16.0
svg/svg/g_2/circle_84                    4 1.0 0.0 0.0 0.0 0.0 0.0 100.0 1.0 0.0 2.84 294.0 298.0 334.74 338.74 336.74 296.0 4.0 4.0 16.0
svg/svg/g_2/circle_85                    4 1.0 0.0 0.0 0.0 0.0 0.0 100.0 1.0 0.0 2.85 295.077 299.077 331.37 335.37 333.37 297.077 4.0 4.0 16.0
svg/svg/g_2/circle_86                    4 1.0 0.0 0.0 0.0 0.0 0.0 100.0 1.0 0.0 2.86 319.077 323.077 327.991 331.991 329.991 321.077 4.0 4.0 16.0
svg/svg/g_2/circle_87                    4 1.0 0.0 0.0 0.0 0.0 0.0 100.0 1.0 0.0 2.87 329.846 333.846 324.621 328.621 326.621 331.846 4.0 4.0 16.0
svg/svg/g_2/circle_88                    4 1.0 0.0 0.0 0.0 0.0 0.0 100.0 1.0 0.0 2.88 320.308 324.308 321.251 325.251 323.251 322.308 4.0 4.0 16.0
svg/svg/g_2/circle_89                    4 1.0 0.0 0.0 0.0 0.0 0.0 100.0 1.0 0.0 2.89 343.231 347.231 317.881 321.881 319.881 345.231 4.0 4.0 16.0
svg/svg/g_2/circle_90                    4 1.0 0.0 0.0 0.0 0.0 0.0 100.0 1.0 0.0 2.9 313.385 317.385 314.502 318.502 316.502 315.385 4.0 4.0 16.0
svg/svg/g_2/circle_91                    4 1.0 0.0 0.0 0.0 0.0 0.0 100.0 1.0 0.0 2.91 306.923 310.923 311.132 315.132 313.132 308.923 4.0 4.0 16.0
svg/svg/g_2/circle_92                    4 1.0 0.0 0.0 0.0 0.0 0.0 100.0 1.0 0.0 2.92 316.154 320.154 307.763 311.763 309.763 318.154 4.0 4.0 16.0
svg/svg/g_2/circle_93                    4 1.0 0.0 0.0 0.0 0.0 0.0 100.0 1.0 0.0 2.93 351.692 355.692 304.393 308.393 306.393 353.692 4.0 4.0 16.0
svg/svg/g_2/circle_94                    4 1.0 0.0 0.0 0.0 0.0 0.0 100.0 1.0 0.0 2.94 323.692 327.692 301.014 305.014 303.014 325.692 4.0 4.0 16.0
svg/svg/g_2/circle_95                    4 1.0 0.0 0.0 0.0 0.0 0.0 100.0 1.0 0.0 2.95 325.231 329.231 297.644 301.644 299.644 327.231 4.0 4.0 16.0
svg/svg/g_2/circle_96                    4 1.0 0.0 0.0 0.0 0.0 0.0 100.0 1.0 0.0 2.96 307.077 311.077 294.274 298.274 296.274 309.077 4.0 4.0 16.0
svg/svg/g_2/circle_97                    4 1.0 0.0 0.0 0.0 0.0 0.0 100.0 1.0 0.0 2.97 327.846 331.846 290.904 294.904 292.904 329.846 4.0 4.0 16.0
svg/svg/g_2/circle_98                    4 1.0 0.0 0.0 0.0 0.0 0.0 100.0 1.0 0.0 2.98 334.308 338.308 287.525 291.525 289.525 336.308 4.0 4.0 16.0
svg/svg/g_2/circle_99                    4 1.0 0.0 0.0 0.0 0.0 0.0 100.0 1.0 0.0 2.99 332.923 336.923 284.155 288.155 286.155 334.923 4.0 4.0 16.0
svg/svg/g_2/circle_100                   4 1.0 0.0 0.0 0.0 0.0 0.0 100.0 1.0 0.0 2.1 338.154 342.154 280.785 284.785 282.785 340.154 4.0 4.0 16.0
svg/svg/g_2/circle_101                   4 1.0 0.0 0.0 0.0 0.0 0.0 100.0 1.0 0.0 2.101 324.769 328.769 277.415 281.415 279.415 326.769 4.0 4.0 16.0
svg/svg/g_2/circle_102                   4 1.0 0.0 0.0 0.0 0.0 0.0 100.0 1.0 0.0 2.102 333.385 337.385 274.036 278.036 276.036 335.385 4.0 4.0 16.0
svg/svg/g_2/circle_103                   4 1.0 0.0 0.0 0.0 0.0 0.0 100.0 1.0 0.0 2.103 342.308 346.308 270.667 274.667 272.667 344.308 4.0 4.0 16.0
svg/svg/g_2/circle_104                   4 1.0 0.0 0.0 0.0 0.0 0.0 100.0 1.0 0.0 2.104 352.615 356.615 267.297 271.297 269.297 354.615 4.0 4.0 16.0
svg/svg/g_2/circle_105                   4 1.0 0.0 0.0 0.0 0.0 0.0 100.0 1.0 0.0 2.105 377.538 381.538 263.927 267.927 265.927 379.538 4.0 4.0 16.0
svg/svg/g_2/circle_106                   4 1.0 0.0 0.0 0.0 0.0 0.0 100.0 1.0 0.0 2.106 354.769 358.769 260.548 264.548 262.548 356.769 4.0 4.0 16.0
svg/svg/g_2/circle_107                   4 1.0 0.0 0.0 0.0 0.0 0.0 100.0 1.0 0.0 2.107 318.0 322.0 257.178 261.178 259.178 320.0 4.0 4.0 16.0
svg/svg/g_2/circle_108                   4 1.0 0.0 0.0 0.0 0.0 0.0 100.0 1.0 0.0 2.108 326.308 330.308 253.808 257.808 255.808 328.308 4.0 4.0 16.0
svg/svg/g_2/circle_109                   4 1.0 0.0 0.0 0.0 0.0 0.0 100.0 1.0 0.0 2.109 354.923 358.923 250.438 254.438 252.438 356.923 4.0 4.0 16.0
svg/svg/g_2/circle_110                   4 1.0 0.0 0.0 0.0 0.0 0.0 100.0 1.0 0.0 2.11 359.538 363.538 247.059 251.059 249.059 361.538 4.0 4.0 16.0
svg/svg/g_2/circle_111                   4 1.0 0.0 0.0 0.0 0.0 0.0 100.0 1.0 0.0 2.111 369.846 373.846 243.689 247.689 245.689 371.846 4.0 4.0 16.0
svg/svg/g_2/circle_112                   4 1.0 0.0 0.0 0.0 0.0 0.0 100.0 1.0 0.0 2.112 367.692 371.692 240.32 244.32 242.32 369.692 4.0 4.0 16.0
svg/svg/g_2/circle_113                   4 1.0 0.0 0.0 0.0 0.0 0.0 100.0 1.0 0.0 2.113 374.0 378.0 236.95 240.95 238.95 376.0 4.0 4.0 16.0
svg/svg/g_2/circle_114                   4 1.0 0.0 0.0 0.0 0.0 0.0 100.0 1.0 0.0 2.114 364.154 368.154 233.571 237.571 235.571 366.154 4.0 4.0 16.0
svg/svg/g_2/circle_115                   4 1.0 0.0 0.0 0.0 0.0 0.0 100.0 1.0 0.0 2.115 361.077 365.077 230.201 234.201 232.201 363.077 4.0 4.0 16.0
svg/svg/g_2/circle_116                   4 1.0 0.0 0.0 0.0 0.0 0.0 100.0 1.0 0.0 2.116 334.923 338.923 226.831 230.831 228.831 336.923 4.0 4.0 16.0
svg/svg/g_2/circle_117                   4 1.0 0.0 0.0 0.0 0.0 0.0 100.0 1.0 0.0 2.117 348.154 352.154 223.461 227.461 225.461 350.154 4.0 4.0 16.0
svg/svg/g_2/circle_118                   4 1.0 0.0 0.0 0.0 0.0 0.0 100.0 1.0 0.0 2.118 375.846 379.846 220.082 224.082 222.082 377.846 4.0 4.0 16.0
svg/svg/g_2/circle_119                   4 1.0 0.0 0.0 0.0 0.0 0.0 100.0 1.0 0.0 2.119 367.077 371.077 216.712 220.712 218.712 369.077 4.0 4.0 16.0
svg/svg/g_2/circle_120                   4 1.0 0.0 0.0 0.0 0.0 0.0 100.0 1.0 0.0 2.12 351.846 355.846 213.342 217.342 215.342 353.846 4.0 4.0 16.0
svg/svg/g_2/circle_121                   4 1.0 0.0 0.0 0.0 0.0 0.0 100.0 1.0 0.0 2.121 327.231 331.231 209.973 213.973 211.973 329.231 4.0 4.0 16.0
svg/svg/g_2/circle_122                   4 1.0 0.0 0.0 0.0 0.0 0.0 100.0 1.0 0.0 2.122 315.538 319.538 206.603 210.603 208.603 317.538 4.0 4.0 16.0
svg/svg/g_2/circle_123                   4 1.0 0.0 0.0 0.0 0.0 0.0 100.0 1.0 0.0 2.123 331.846 335.846 203.233 207.233 205.233 333.846 4.0 4.0 16.0
svg/svg/g_2/circle_124                   4 1.0 0.0 0.0 0.0 0.0 0.0 100.0 1.0 0.0 2.124 357.846 361.846 199.863 203.863 201.863 359.846 4.0 4.0 16.0
svg/svg/g_2/circle_125                   4 1.0 0.0 0.0 0.0 0.0 0.0 100.0 1.0 0.0 2.125 326.0 330.0 196.493 200.493 198.493 328.0 4.0 4.0 16.0
svg/svg/g_2/circle_126                   4 1.0 0.0 0.0 0.0 0.0 0.0 100.0 1.0 0.0 2.126 328.462 332.462 193.114 197.114 195.114 330.462 4.0 4.0 16.0
svg/svg/g_2/circle_127                   4 1.0 0.0 0.0 0.0 0.0 0.0 100.0 1.0 0.0 2.127 342.0 346.0 189.744 193.744 191.744 344.0 4.0 4.0 16.0
svg/svg/g_2/circle_128                   4 1.0 0.0 0.0 0.0 0.0 0.0 100.0 1.0 0.0 2.128 353.538 357.538 186.374 190.374 188.374 355.538 4.0 4.0 16.0
svg/svg/g_2/circle_129                   4 1.0 0.0 0.0 0.0 0.0 0.0 100.0 1.0 0.0 2.129 355.077 359.077 183.005 187.005 185.005 357.077 4.0 4.0 16.0
svg/svg/g_2/circle_130                   4 1.0 0.0 0.0 0.0 0.0 0.0 100.0 1.0 0.0 2.13 358.308 362.308 179.626 183.626 181.626 360.308 4.0 4.0 16.0
svg/svg/g_2/circle_131                   4 1.0 0.0 0.0 0.0 0.0 0.0 100.0 1.0 0.0 2.131 348.769 352.769 176.256 180.256 178.256 350.769 4.0 4.0 16.0
svg/svg/g_2/circle_132                   4 1.0 0.0 0.0 0.0 0.0 0.0 100.0 1.0 0.0 2.132 367.385 371.385 172.886 176.886 174.886 369.385 4.0 4.0 16.0
svg/svg/g_2/circle_133                   4 1.0 0.0 0.0 0.0 0.0 0.0 100.0 1.0 0.0 2.133 322.154 326.154 169.516 173.516 171.516 324.154 4.0 4.0 16.0
svg/svg/g_2/circle_134                   4 1.0 0.0 0.0 0.0 0.0 0.0 100.0 1.0 0.0 2.134 341.692 345.692 166.137 170.137 168.137 343.692 4.0 4.0 16.0
svg/svg/g_2/circle_135                   4 1.0 0.0 0.0 0.0 0.0 0.0 100.0 1.0 0.0 2.135 372.923 376.923 162.767 166.767 164.767 374.923 4.0 4.0 16.0
svg/svg/g_2/circle_136                   4 1.0 0.0 0.0 0.0 0.0 0.0 100.0 1.0 0.0 2.136 367.692 371.692 159.397 163.397 161.397 369.692 4.0 4.0 16.0
svg/svg/g_2/circle_137                   4 1.0 0.0 0.0 0.0 0.0 0.0 100.0 1.0 0.0 2.137 363.385 367.385 156.027 160.027 158.027 365.385 4.0 4.0 16.0
svg/svg/g_2/circle_138                   4 1.0 0.0 0.0 0.0 0.0 0.0 100.0 1.0 0.0 2.138 369.692 373.692 152.648 156.648 154.648 371.692 4.0 4.0 16.0
svg/svg/g_2/circle_139                   4 1.0 0.0 0.0 0.0 0.0 0.0 100.0 1.0 0.0 2.139 343.385 347.385 149.279 153.279 151.279 345.385 4.0 4.0 16.0
svg/svg/g_2/circle_140                   4 1.0 0.0 0.0 0.0 0.0 0.0 100.0 1.0 0.0 2.14 335.077 339.077 145.909 149.909 147.909 337.077 4.0 4.0 16.0
svg/svg/g_2/circle_141                   4 1.0 0.0 0.0 0.0 0.0 0.0 100.0 1.0 0.0 2.141 326.923 330.923 142.539 146.539 144.539 328.923 4.0 4.0 16.0
svg/svg/g_2/circle_142                   4 1.0 0.0 0.0 0.0 0.0 0.0 100.0 1.0 0.0 2.142 344.615 348.615 139.16 143.16 141.16 346.615 4.0 4.0 16.0
svg/svg/g_2/circle_143                   4 1.0 0.0 0.0 0.0 0.0 0.0 100.0 1.0 0.0 2.143 332.462 336.462 135.79 139.79 137.79 334.462 4.0 4.0 16.0
svg/svg/g_2/circle_144                   4 1.0 0.0 0.0 0.0 0.0 0.0 100.0 1.0 0.0 2.144 279.692 283.692 132.42 136.42 134.42 281.692 4.0 4.0 16.0
svg/svg/g_2/circle_145                   4 1.0 0.0 0.0 0.0 0.0 0.0 100.0 1.0 0.0 2.145 292.462 296.462 129.05 133.05 131.05 294.462 4.0 4.0 16.0
svg/svg/g_2/circle_146                   4 1.0 0.0 0.0 0.0 0.0 0.0 100.0 1.0 0.0 2.146 351.846 355.846 125.671 129.671 127.671 353.846 4.0 4.0 16.0
svg/svg/g_2/circle_147                   4 1.0 0.0 0.0 0.0 0.0 0.0 100.0 1.0 0.0 2.147 351.077 355.077 122.301 126.301 124.301 353.077 4.0 4.0 16.0
svg/svg/g_2/circle_148                   4 1.0 0.0 0.0 0.0 0.0 0.0 100.0 1.0 0.0 2.148 345.846 349.846 118.932 122.932 120.932 347.846 4.0 4.0 16.0
svg/svg/g_2/circle_149                   4 1.0 0.0 0.0 0.0 0.0 0.0 100.0 1.0 0.0 2.149 338.462 342.462 115.562 119.562 117.562 340.462 4.0 4.0 16.0
svg/svg/g_2/circle_150                   4 1.0 0.0 0.0 0.0 0.0 0.0 100.0 1.0 0.0 2.15 344.0 348.0 112.183 116.183 114.183 346.0 4.0 4.0 16.0
svg/svg/g_2/circle_151                   4 1.0 0.0 0.0 0.0 0.0 0.0 100.0 1.0 0.0 2.151 349.077 353.077 108.813 112.813 110.813 351.077 4.0 4.0 16.0
svg/svg/g_2/circle_152                   4 1.0 0.0 0.0 0.0 0.0 0.0 100.0 1.0 0.0 2.152 343.538 347.538 105.443 109.443 107.443 345.538 4.0 4.0 16.0
svg/svg/g_2/circle_153                   4 1.0 0.0 0.0 0.0 0.0 0.0 100.0 1.0 0.0 2.153 332.462 336.462 102.073 106.073 104.073 334.462 4.0 4.0 16.0
svg/svg/g_2/circle_154                   4 1.0 0.0 0.0 0.0 0.0 0.0 100.0 1.0 0.0 2.154 332.615 336.615 98.694 102.694 100.694 334.615 4.0 4.0 16.0
svg/svg/g_2/circle_155                   4 1.0 0.0 0.0 0.0 0.0 0.0 100.0 1.0 0.0 2.155 327.077 331.077 95.324 99.324 97.324 329.077 4.0 4.0 16.0
svg/svg/g_2/circle_156                   4 1.0 0.0 0.0 0.0 0.0 0.0 100.0 1.0 0.0 2.156 334.0 338.0 91.954 95.954 93.954 336.0 4.0 4.0 16.0
svg/svg/g_2/circle_157                   4 1.0 0.0 0.0 0.0 0.0 0.0 100.0 1.0 0.0 2.157 340.308 344.308 88.585 92.585 90.585 342.308 4.0 4.0 16.0
svg/svg/g_2/circle_158                   4 1.0 0.0 0.0 0.0 0.0 0.0 100.0 1.0 0.0 2.158 354.769 358.769 85.205 89.205 87.205 356.769 4.0 4.0 16.0
svg/svg/g_2/circle_159                   4 1.0 0.0 0.0 0.0 0.0 0.0 100.0 1.0 0.0 2.159 349.846 353.846 81.836 85.836 83.836 351.846 4.0 4.0 16.0
svg/svg/g_2/circle_160                   4 1.0 0.0 0.0 0.0 0.0 0.0 100.0 1.0 0.0 2.16 388.0 392.0 78.466 82.466 80.466 390.0 4.0 4.0 16.0
svg/svg/g_2/circle_161                   4 1.0 0.0 0.0 0.0 0.0 0.0 100.0 1.0 0.0 2.161 371.077 375.077 75.096 79.096 77.096 373.077 4.0 4.0 16.0
svg/svg/g_2/circle_162                   4 1.0 0.0 0.0 0.0 0.0 0.0 100.0 1.0 0.0 2.162 358.923 362.923 71.717 75.717 73.717 360.923 4.0 4.0 16.0
svg/svg/g_2/circle_163                   4 1.0 0.0 0.0 0.0 0.0 0.0 100.0 1.0 0.0 2.163 335.385 339.385 68.347 72.347 70.347 337.385 4.0 4.0 16.0
svg/svg/g_2/circle_164                   4 1.0 0.0 0.0 0.0 0.0 0.0 100.0 1.0 0.0 2.164 352.923 356.923 64.977 68.977 66.977 354.923 4.0 4.0 16.0
svg/svg/g_2/circle_165                   4 1.0 0.0 0.0 0.0 0.0 0.0 100.0 1.0 0.0 2.165 384.615 388.615 61.607 65.607 63.607 386.615 4.0 4.0 16.0
svg/svg/g_2/circle_166                   4 1.0 0.0 0.0 0.0 0.0 0.0 100.0 1.0 0.0 2.166 362.923 366.923 58.228 62.228 60.228 364.923 4.0 4.0 16.0
svg/svg/g_2/circle_167                   4 1.0 0.0 0.0 0.0 0.0 0.0 100.0 1.0 0.0 2.167 344.923 348.923 54.858 58.858 56.858 346.923 4.0 4.0 16.0
svg/svg/g_2/circle_168                   4 1.0 0.0 0.0 0.0 0.0 0.0 100.0 1.0 0.0 2.168 345.692 349.692 51.489 55.489 53.489 347.692 4.0 4.0 16.0
svg/svg/g_2/circle_169                   4 1.0 0.0 0.0 0.0 0.0 0.0 100.0 1.0 0.0 2.169 347.846 351.846 48.119 52.119 50.119 349.846 4.0 4.0 16.0
svg/svg/g_2/circle_170                   4 1.0 0.0 0.0 0.0 0.0 0.0 100.0 1.0 0.0 2.17 346.923 350.923 44.74 48.74 46.74 348.923 4.0 4.0 16.0
svg/svg/g_2/circle_171                   4 1.0 0.0 0.0 0.0 0.0 0.0 100.0 1.0 0.0 2.171 350.923 354.923 41.37 45.37 43.37 352.923 4.0 4.0 16.0
svg/svg/g_2/circle_172                   4 1.0 0.0 0.0 0.0 0.0 0.0 100.0 1.0 0.0 2.172 368.769 372.769 38.0 42.0 40.0 370.769 4.0 4.0 16.0
svg/svg/g_3/text_2                       9 1.0 0.0 0.0 0.0 36.0 100.0 96.078 8.0 0.0 3.0 45.12 55.12 60.0 100.0 80.0 50.12 40.0 10.0 400.0
svg/svg/g_3/text_3                       9 1.0 0.0 0.0 0.0 36.0 100.0 96.078 8.0 0.0 3.1 122.043 132.043 60.0 100.0 80.0 127.043 40.0 10.0 400.0
svg/svg/g_4/line                         6 1.0 0.0 0.0 0.0 0.0 0.0 0.0 1.0 0.0 4.0 40.0 40.0 40.0 620.0 330.0 40.0 580.0 0.0 0.0
svg/svg/g_4/line_1                       6 1.0 0.0 0.0 0.0 0.0 0.0 0.0 1.0 0.0 4.1 116.923 116.923 40.0 620.0 330.0 116.923 580.0 0.0 0.0
svg/svg/g_5/line_2                       6 1.0 0.0 0.0 0.0 0.0 0.0 0.0 1.0 0.0 5.0 347.692 347.692 40.0 620.0 330.0 347.692 580.0 0.0 0.0
svg/svg/g_6/line_3                       6 1.0 0.0 0.0 0.0 16.114 100.0 65.686 2.0 0.0 6.0 153.538 347.692 620.0 620.0 620.0 250.615 0.0 194.154 0.0
svg/svg/g_6/line_4                       6 1.0 0.0 0.0 0.0 16.114 100.0 65.686 2.0 0.0 6.1 160.0 347.692 616.63 616.63 616.63 253.846 0.0 187.692 0.0
svg/svg/g_6/line_5                       6 1.0 0.0 0.0 0.0 16.114 100.0 65.686 2.0 0.0 6.2 136.308 347.692 613.251 613.251 613.251 242.0 0.0 211.385 0.0
svg/svg/g_6/line_6                       6 1.0 0.0 0.0 0.0 16.114 100.0 65.686 2.0 0.0 6.3 140.308 347.692 609.881 609.881 609.881 244.0 0.0 207.385 0.0
svg/svg/g_6/line_7                       6 1.0 0.0 0.0 0.0 16.114 100.0 65.686 2.0 0.0 6.4 161.538 347.692 606.511 606.511 606.511 254.615 0.0 186.154 0.0
svg/svg/g_6/line_8                       6 1.0 0.0 0.0 0.0 16.114 100.0 65.686 2.0 0.0 6.5 149.846 347.692 603.142 603.142 603.142 248.769 0.0 197.846 0.0
svg/svg/g_6/line_9                       6 1.0 0.0 0.0 0.0 16.114 100.0 65.686 2.0 0.0 6.6 134.923 347.692 599.763 599.763 599.763 241.308 0.0 212.769 0.0
svg/svg/g_6/line_10                      6 1.0 0.0 0.0 0.0 16.114 100.0 65.686 2.0 0.0 6.7 156.154 347.692 596.393 596.393 596.393 251.923 0.0 191.538 0.0
svg/svg/g_6/line_11                      6 1.0 0.0 0.0 0.0 16.114 100.0 65.686 2.0 0.0 6.8 178.308 347.692 593.023 593.023 593.023 263.0 0.0 169.385 0.0
svg/svg/g_6/line_12                      6 1.0 0.0 0.0 0.0 16.114 100.0 65.686 2.0 0.0 6.9 189.231 347.692 589.653 589.653 589.653 268.462 0.0 158.462 0.0
svg/svg/g_6/line_13                      6 1.0 0.0 0.0 0.0 16.114 100.0 65.686 2.0 0.0 6.1 192.154 347.692 586.274 586.274 586.274 269.923 0.0 155.538 0.0
svg/svg/g_6/line_14                      6 1.0 0.0 0.0 0.0 16.114 100.0 65.686 2.0 0.0 6.11 195.077 347.692 582.904 582.904 582.904 271.385 0.0 152.615 0.0
svg/svg/g_6/line_15                      6 1.0 0.0 0.0 0.0 16.114 100.0 65.686 2.0 0.0 6.12 178.308 347.692 579.534 579.534 579.534 263.0 0.0 169.385 0.0
svg/svg/g_6/line_16                      6 1.0 0.0 0.0 0.0 16.114 100.0 65.686 2.0 0.0 6.13 188.923 347.692 576.164 576.164 576.164 268.308 0.0 158.769 0.0
svg/svg/g_6/line_17                      6 1.0 0.0 0.0 0.0 16.114 100.0 65.686 2.0 0.0 6.14 209.538 347.692 572.785 572.785 572.785 278.615 0.0 138.154 0.0
svg/svg/g_6/line_18                      6 1.0 0.0 0.0 0.0 16.114 100.0 65.686 2.0 0.0 6.15 190.154 347.692 569.415 569.415 569.415 268.923 0.0 157.538 0.0
svg/svg/g_6/line_19                      6 1.0 0.0 0.0 0.0 16.114 100.0 65.686 2.0 0.0 6.16 192.154 347.692 566.046 566.046 566.046 269.923 0.0 155.538 0.0
svg/svg/g_6/line_20                      6 1.0 0.0 0.0 0.0 16.114 100.0 65.686 2.0 0.0 6.17 184.462 347.692 562.676 562.676 562.676 266.077 0.0 163.231 0.0
svg/svg/g_6/line_21                      6 1.0 0.0 0.0 0.0 16.114 100.0 65.686 2.0 0.0 6.18 210.154 347.692 559.297 559.297 559.297 278.923 0.0 137.538 0.0
svg/svg/g_6/line_22                      6 1.0 0.0 0.0 0.0 16.114 100.0 65.686 2.0 0.0 6.19 196.615 347.692 555.927 555.927 555.927 272.154 0.0 151.077 0.0
svg/svg/g_6/line_23                      6 1.0 0.0 0.0 0.0 16.114 100.0 65.686 2.0 0.0 6.2 193.846 347.692 552.557 552.557 552.557 270.769 0.0 153.846 0.0
svg/svg/g_6/line_24                      6 1.0 0.0 0.0 0.0 16.114 100.0 65.686 2.0 0.0 6.21 208.308 347.692 549.187 549.187 549.187 278.0 0.0 139.385 0.0
svg/svg/g_6/line_25                      6 1.0 0.0 0.0 0.0 16.114 100.0 65.686 2.0 0.0 6.22 228.923 347.692 545.808 545.808 545.808 288.308 0.0 118.769 0.0
svg/svg/g_6/line_26                      6 1.0 0.0 0.0 0.0 16.114 100.0 65.686 2.0 0.0 6.23 229.077 347.692 542.438 542.438 542.438 288.385 0.0 118.615 0.0
svg/svg/g_6/line_27                      6 1.0 0.0 0.0 0.0 16.114 100.0 65.686 2.0 0.0 6.24 191.846 347.692 539.068 539.068 539.068 269.769 0.0 155.846 0.0
svg/svg/g_6/line_28                      6 1.0 0.0 0.0 0.0 16.114 100.0 65.686 2.0 0.0 6.25 215.077 347.692 535.699 535.699 535.699 281.385 0.0 132.615 0.0
svg/svg/g_6/line_29                      6 1.0 0.0 0.0 0.0 16.114 100.0 65.686 2.0 0.0 6.26 236.462 347.692 532.32 532.32 532.32 292.077 0.0 111.231 0.0
svg/svg/g_6/line_30                      6 1.0 0.0 0.0 0.0 16.114 100.0 65.686 2.0 0.0 6.27 219.538 347.692 528.95 528.95 528.95 283.615 0.0 128.154 0.0
svg/svg/g_6/line_31                      6 1.0 0.0 0.0 0.0 16.114 100.0 65.686 2.0 0.0 6.28 243.846 347.692 525.58 525.58 525.58 295.769 0.0 103.846 0.0
svg/svg/g_6/line_32                      6 1.0 0.0 0.0 0.0 16.114 100.0 65.686 2.0 0.0 6.29 251.385 347.692 522.21 522.21 522.21 299.538 0.0 96.308 0.0
svg/svg/g_6/line_33                      6 1.0 0.0 0.0 0.0 16.114 100.0 65.686 2.0 0.0 6.3 260.308 347.692 518.831 518.831 518.831 304.0 0.0 87.385 0.0
svg/svg/g_6/line_34                      6 1.0 0.0 0.0 0.0 16.114 100.0 65.686 2.0 0.0 6.31 228.154 347.692 515.461 515.461 515.461 287.923 0.0 119.538 0.0
svg/svg/g_6/line_35                      6 1.0 0.0 0.0 0.0 16.114 100.0 65.686 2.0 0.0 6.32 226.308 347.692 512.091 512.091 512.091 287.0 0.0 121.385 0.0
svg/svg/g_6/line_36                      6 1.0 0.0 0.0 0.0 16.114 100.0 65.686 2.0 0.0 6.33 255.077 347.692 508.721 508.721 508.721 301.385 0.0 92.615 0.0
svg/svg/g_6/line_37                      6 1.0 0.0 0.0 0.0 16.114 100.0 65.686 2.0 0.0 6.34 237.538 347.692 505.342 505.342 505.342 292.615 0.0 110.154 0.0
svg/svg/g_6/line_38                      6 1.0 0.0 0.0 0.0 16.114 100.0 65.686 2.0 0.0 6.35 244.308 347.692 501.973 501.973 501.973 296.0 0.0 103.385 0.0
svg/svg/g_6/line_39                      6 1.0 0.0 0.0 0.0 16.114 100.0 65.686 2.0 0.0 6.36 265.846 347.692 498.603 498.603 498.603 306.769 0.0 81.846 0.0
svg/svg/g_6/line_40                      6 1.0 0.0 0.0 0.0 16.114 100.0 65.686 2.0 0.0 6.37 274.0 347.692 495.233 495.233 495.233 310.846 0.0 73.692 0.0
svg/svg/g_6/line_41                      6 1.0 0.0 0.0 0.0 16.114 100.0 65.686 2.0 0.0 6.38 273.538 347.692 491.854 491.854 491.854 310.615 0.0 74.154 0.0
svg/svg/g_6/line_42                      6 1.0 0.0 0.0 0.0 16.114 100.0 65.686 2.0 0.0 6.39 247.692 347.692 488.484 488.484 488.484 297.692 0.0 100.0 0.0
svg/svg/g_6/line_43                      6 1.0 0.0 0.0 0.0 16.114 100.0 65.686 2.0 0.0 6.4 275.538 347.692 485.114 485.114 485.114 311.615 0.0 72.154 0.0
svg/svg/g_6/line_44                      6 1.0 0.0 0.0 0.0 16.114 100.0 65.686 2.0 0.0 6.41 242.308 347.692 481.744 481.744 481.744 295.0 0.0 105.385 0.0
svg/svg/g_6/line_45                      6 1.0 0.0 0.0 0.0 16.114 100.0 65.686 2.0 0.0 6.42 250.154 347.692 478.365 478.365 478.365 298.923 0.0 97.538 0.0
svg/svg/g_6/line_46                      6 1.0 0.0 0.0 0.0 16.114 100.0 65.686 2.0 0.0 6.43 268.923 347.692 474.995 474.995 474.995 308.308 0.0 78.769 0.0
svg/svg/g_6/line_47                      6 1.0 0.0 0.0 0.0 16.114 100.0 65.686 2.0 0.0 6.44 280.615 347.692 471.626 471.626 471.626 314.154 0.0 67.077 0.0
svg/svg/g_6/line_48                      6 1.0 0.0 0.0 0.0 16.114 100.0 65.686 2.0 0.0 6.45 261.385 347.692 468.256 468.256 468.256 304.538 0.0 86.308 0.0
svg/svg/g_6/line_49                      6 1.0 0.0 0.0 0.0 16.114 100.0 65.686 2.0 0.0 6.46 312.154 347.692 464.877 464.877 464.877 329.923 0.0 35.538 0.0
svg/svg/g_6/line_50                      6 1.0 0.0 0.0 0.0 16.114 100.0 65.686 2.0 0.0 6.47 297.231 347.692 461.507 461.507 461.507 322.462 0.0 50.462 0.0
svg/svg/g_6/line_51                      6 1.0 0.0 0.0 0.0 16.114 100.0 65.686 2.0 0.0 6.48 307.231 347.692 458.137 458.137 458.137 327.462 0.0 40.462 0.0
svg/svg/g_6/line_52                      6 1.0 0.0 0.0 0.0 16.114 100.0 65.686 2.0 0.0 6.49 275.538 347.692 454.767 454.767 454.767 311.615 0.0 72.154 0.0
svg/svg/g_6/line_53                      6 1.0 0.0 0.0 0.0 16.114 100.0 65.686 2.0 0.0 6.5 296.308 347.692 451.388 451.388 451.388 322.0 0.0 51.385 0.0
svg/svg/g_6/line_54                      6 1.0 0.0 0.0 0.0 16.114 100.0 65.686 2.0 0.0 6.51 313.231 347.692 448.018 448.018 448.018 330.462 0.0 34.462 0.0
svg/svg/g_6/line_55                      6 1.0 0.0 0.0 0.0 16.114 100.0 65.686 2.0 0.0 6.52 295.077 347.692 444.648 444.648 444.648 321.385 0.0 52.615 0.0
svg/svg/g_6/line_56                      6 1.0 0.0 0.0 0.0 16.114 100.0 65.686 2.0 0.0 6.53 287.692 347.692 441.279 441.279 441.279 317.692 0.0 60.0 0.0
svg/svg/g_6/line_57                      6 1.0 0.0 0.0 0.0 16.114 100.0 65.686 2.0 0.0 6.54 310.769 347.692 437.899 437.899 437.899 329.231 0.0 36.923 0.0
svg/svg/g_6/line_58                      6 1.0 0.0 0.0 0.0 16.114 100.0 65.686 2.0 0.0 6.55 299.077 347.692 434.53 434.53 434.53 323.385 0.0 48.615 0.0
svg/svg/g_6/line_59                      6 1.0 0.0 0.0 0.0 16.114 100.0 65.686 2.0 0.0 6.56 304.0 347.692 431.16 431.16 431.16 325.846 0.0 43.692 0.0
svg/svg/g_6/line_60                      6 1.0 0.0 0.0 0.0 16.114 100.0 65.686 2.0 0.0 6.57 313.077 347.692 427.79 427.79 427.79 330.385 0.0 34.615 0.0
svg/svg/g_6/line_61                      6 1.0 0.0 0.0 0.0 16.114 100.0 65.686 2.0 0.0 6.58 331.846 347.692 424.411 424.411 424.411 339.769 0.0 15.846 0.0
svg/svg/g_6/line_62                      6 1.0 0.0 0.0 0.0 16.114 100.0 65.686 2.0 0.0 6.59 290.769 347.692 421.041 421.041 421.041 319.231 0.0 56.923 0.0
svg/svg/g_6/line_63                      6 1.0 0.0 0.0 0.0 16.114 100.0 65.686 2.0 0.0 6.6 297.385 347.692 417.671 417.671 417.671 322.538 0.0 50.308 0.0
svg/svg/g_6/line_64                      6 1.0 0.0 0.0 0.0 16.114 100.0 65.686 2.0 0.0 6.61 288.308 347.692 414.301 414.301 414.301 318.0 0.0 59.385 0.0
svg/svg/g_6/line_65                      6 1.0 0.0 0.0 0.0 16.114 100.0 65.686 2.0 0.0 6.62 300.0 347.692 410.922 410.922 410.922 323.846 0.0 47.692 0.0
svg/svg/g_6/line_66                      6 1.0 0.0 0.0 0.0 16.114 100.0 65.686 2.0 0.0 6.63 291.231 347.692 407.552 407.552 407.552 319.462 0.0 56.462 0.0
svg/svg/g_6/line_67                      6 1.0 0.0 0.0 0.0 16.114 100.0 65.686 2.0 0.0 6.64 288.462 347.692 404.183 404.183 404.183 318.077 0.0 59.231 0.0
svg/svg/g_6/line_68                      6 1.0 0.0 0.0 0.0 16.114 100.0 65.686 2.0 0.0 6.65 289.231 347.692 400.813 400.813 400.813 318.462 0.0 58.462 0.0
svg/svg/g_6/line_69                      6 1.0 0.0 0.0 0.0 16.114 100.0 65.686 2.0 0.0 6.66 324.462 347.692 397.434 397.434 397.434 336.077 0.0 23.231 0.0
svg/svg/g_6/line_70                      6 1.0 0.0 0.0 0.0 16.114 100.0 65.686 2.0 0.0 6.67 312.0 347.692 394.064 394.064 394.064 329.846 0.0 35.692 0.0
svg/svg/g_6/line_71                      6 1.0 0.0 0.0 0.0 16.114 100.0 65.686 2.0 0.0 6.68 304.308 347.692 390.694 390.694 390.694 326.0 0.0 43.385 0.0
svg/svg/g_6/line_72                      6 1.0 0.0 0.0 0.0 16.114 100.0 65.686 2.0 0.0 6.69 274.308 347.692 387.324 387.324 387.324 311.0 0.0 73.385 0.0
svg/svg/g_6/line_73                      6 1.0 0.0 0.0 0.0 16.114 100.0 65.686 2.0 0.0 6.7 285.385 347.692 383.945 383.945 383.945 316.538 0.0 62.308 0.0
svg/svg/g_6/line_74                      6 1.0 0.0 0.0 0.0 16.114 100.0 65.686 2.0 0.0 6.71 296.615 347.692 380.575 380.575 380.575 322.154 0.0 51.077 0.0
svg/svg/g_6/line_75                      6 1.0 0.0 0.0 0.0 16.114 100.0 65.686 2.0 0.0 6.72 324.308 347.692 377.205 377.205 377.205 336.0 0.0 23.385 0.0
svg/svg/g_6/line_76                      6 1.0 0.0 0.0 0.0 16.114 100.0 65.686 2.0 0.0 6.73 314.462 347.692 373.836 373.836 373.836 331.077 0.0 33.231 0.0
svg/svg/g_6/line_77                      6 1.0 0.0 0.0 0.0 16.114 100.0 65.686 2.0 0.0 6.74 313.231 347.692 370.457 370.457 370.457 330.462 0.0 34.462 0.0
svg/svg/g_6/line_78                      6 1.0 0.0 0.0 0.0 16.114 100.0 65.686 2.0 0.0 6.75 298.769 347.692 367.087 367.087 367.087 323.231 0.0 48.923 0.0
svg/svg/g_6/line_79                      6 1.0 0.0 0.0 0.0 16.114 100.0 65.686 2.0 0.0 6.76 309.385 347.692 363.717 363.717 363.717 328.538 0.0 38.308 0.0
svg/svg/g_6/line_80                      6 1.0 0.0 0.0 0.0 16.114 100.0 65.686 2.0 0.0 6.77 286.923 347.692 360.347 360.347 360.347 317.308 0.0 60.769 0.0
svg/svg/g_6/line_81                      6 1.0 0.0 0.0 0.0 16.114 100.0 65.686 2.0 0.0 6.78 267.385 347.692 356.968 356.968 356.968 307.538 0.0 80.308 0.0
svg/svg/g_6/line_82                      6 1.0 0.0 0.0 0.0 16.114 100.0 65.686 2.0 0.0 6.79 283.692 347.692 353.598 353.598 353.598 315.692 0.0 64.0 0.0
svg/svg/g_6/line_83                      6 1.0 0.0 0.0 0.0 16.114 100.0 65.686 2.0 0.0 6.8 292.0 347.692 350.228 350.228 350.228 319.846 0.0 55.692 0.0
svg/svg/g_6/line_84                      6 1.0 0.0 0.0 0.0 16.114 100.0 65.686 2.0 0.0 6.81 293.538 347.692 346.858 346.858 346.858 320.615 0.0 54.154 0.0
svg/svg/g_6/line_85                      6 1.0 0.0 0.0 0.0 16.114 100.0 65.686 2.0 0.0 6.82 286.615 347.692 343.479 343.479 343.479 317.154 0.0 61.077 0.0
svg/svg/g_6/line_86                      6 1.0 0.0 0.0 0.0 16.114 100.0 65.686 2.0 0.0 6.83 299.385 347.692 340.11 340.11 340.11 323.538 0.0 48.308 0.0
svg/svg/g_6/line_87                      6 1.0 0.0 0.0 0.0 16.114 100.0 65.686 2.0 0.0 6.84 296.0 347.692 336.74 336.74 336.74 321.846 0.0 51.692 0.0
svg/svg/g_6/line_88                      6 1.0 0.0 0.0 0.0 16.114 100.0 65.686 2.0 0.0 6.85 297.077 347.692 333.37 333.37 333.37 322.385 0.0 50.615 0.0
svg/svg/g_6/line_89                      6 1.0 0.0 0.0 0.0 16.114 100.0 65.686 2.0 0.0 6.86 321.077 347.692 329.991 329.991 329.991 334.385 0.0 26.615 0.0
svg/svg/g_6/line_90                      6 1.0 0.0 0.0 0.0 16.114 100.0 65.686 2.0 0.0 6.87 331.846 347.692 326.621 326.621 326.621 339.769 0.0 15.846 0.0
svg/svg/g_6/line_91                      6 1.0 0.0 0.0 0.0 16.114 100.0 65.686 2.0 0.0 6.88 322.308 347.692 323.251 323.251 323.251 335.0 0.0 25.385 0.0
svg/svg/g_6/line_92                      6 1.0 0.0 0.0 0.0 16.114 100.0 65.686 2.0 0.0 6.89 345.231 347.692 319.881 319.881 319.881 346.462 0.0 2.462 0.0
svg/svg/g_6/line_93                      6 1.0 0.0 0.0 0.0 16.114 100.0 65.686 2.0 0.0 6.9 315.385 347.692 316.502 316.502 316.502 331.538 0.0 32.308 0.0
svg/svg/g_6/line_94                      6 1.0 0.0 0.0 0.0 16.114 100.0 65.686 2.0 0.0 6.91 308.923 347.692 313.132 313.132 313.132 328.308 0.0 38.769 0.0
svg/svg/g_6/line_95                      6 1.0 0.0 0.0 0.0 16.114 100.0 65.686 2.0 0.0 6.92 318.154 347.692 309.763 309.763 309.763 332.923 0.0 29.538 0.0
svg/svg/g_6/line_96                      6 1.0 0.0 0.0 0.0 181.846 25.49 50.0 2.0 0.0 6.93 347.692 353.692 306.393 306.393 306.393 350.692 0.0 6.0 0.0
svg/svg/g_6/line_97                      6 1.0 0.0 0.0 0.0 16.114 100.0 65.686 2.0 0.0 6.94 325.692 347.692 303.014 303.014 303.014 336.692 0.0 22.0 0.0
svg/svg/g_6/line_98                      6 1.0 0.0 0.0 0.0 16.114 100.0 65.686 2.0 0.0 6.95 327.231 347.692 299.644 299.644 299.644 337.462 0.0 20.462 0.0
svg/svg/g_6/line_99                      6 1.0 0.0 0.0 0.0 16.114 100.0 65.686 2.0 0.0 6.96 309.077 347.692 296.274 296.274 296.274 328.385 0.0 38.615 0.0
svg/svg/g_6/line_100                     6 1.0 0.0 0.0 0.0 16.114 100.0 65.686 2.0 0.0 6.97 329.846 347.692 292.904 292.904 292.904 338.769 0.0 17.846 0.0
svg/svg/g_6/line_101                     6 1.0 0.0 0.0 0.0 16.114 100.0 65.686 2.0 0.0 6.98 336.308 347.692 289.525 289.525 289.525 342.0 0.0 11.385 0.0
svg/svg/g_6/line_102                     6 1.0 0.0 0.0 0.0 16.114 100.0 65.686 2.0 0.0 6.99 334.923 347.692 286.155 286.155 286.155 341.308 0.0 12.769 0.0
svg/svg/g_6/line_103                     6 1.0 0.0 0.0 0.0 16.114 100.0 65.686 2.0 0.0 6.1 340.154 347.692 282.785 282.785 282.785 343.923 0.0 7.538 0.0
svg/svg/g_6/line_104                     6 1.0 0.0 0.0 0.0 16.114 100.0 65.686 2.0 0.0 6.101 326.769 347.692 279.415 279.415 279.415 337.231 0.0 20.923 0.0
svg/svg/g_6/line_105                     6 1.0 0.0 0.0 0.0 16.114 100.0 65.686 2.0 0.0 6.102 335.385 347.692 276.036 276.036 276.036 341.538 0.0 12.308 0.0
svg/svg/g_6/line_106                     6 1.0 0.0 0.0 0.0 16.114 100.0 65.686 2.0 0.0 6.103 344.308 347.692 272.667 272.667 272.667 346.0 0.0 3.385 0.0
svg/svg/g_6/line_107                     6 1.0 0.0 0.0 0.0 181.846 25.49 50.0 2.0 0.0 6.104 347.692 354.615 269.297 269.297 269.297 351.154 0.0 6.923 0.0
svg/svg/g_6/line_108                     6 1.0 0.0 0.0 0.0 181.846 25.49 50.0 2.0 0.0 6.105 347.692 379.538 265.927 265.927 265.927 363.615 0.0 31.846 0.0
svg/svg/g_6/line_109                     6 1.0 0.0 0.0 0.0 181.846 25.49 50.0 2.0 0.0 6.106 347.692 356.769 262.548 262.548 262.548 352.231 0.0 9.077 0.0
svg/svg/g_6/line_110                     6 1.0 0.0 0.0 0.0 16.114 100.0 65.686 2.0 0.0 6.107 320.0 347.692 259.178 259.178 259.178 333.846 0.0 27.692 0.0
svg/svg/g_6/line_111                     6 1.0 0.0 0.0 0.0 16.114 100.0 65.686 2.0 0.0 6.108 328.308 347.692 255.808 255.808 255.808 338.0 0.0 19.385 0.0
svg/svg/g_6/line_112                     6 1.0 0.0 0.0 0.0 181.846 25.49 50.0 2.0 0.0 6.109 347.692 356.923 252.438 252.438 252.438 352.308 0.0 9.231 0.0
svg/svg/g_6/line_113                     6 1.0 0.0 0.0 0.0 181.846 25.49 50.0 2.0 0.0 6.11 347.692 361.538 249.059 249.059 249.059 354.615 0.0 13.846 0.0
svg/svg/g_6/line_114                     6 1.0 0.0 0.0 0.0 181.846 25.49 50.0 2.0 0.0 6.111 347.692 371.846 245.689 245.689 245.689 359.769 0.0 24.154 0.0
svg/svg/g_6/line_115                     6 1.0 0.0 0.0 0.0 181.846 25.49 50.0 2.0 0.0 6.112 347.692 369.692 242.32 242.32 242.32 358.692 0.0 22.0 0.0
svg/svg/g_6/line_116                     6 1.0 0.0 0.0 0.0 181.846 25.49 50.0 2.0 0.0 6.113 347.692 376.0 238.95 238.95 238.95 361.846 0.0 28.308 0.0
svg/svg/g_6/line_117                     6 1.0 0.0 0.0 0.0 181.846 25.49 50.0 2.0 0.0 6.114 347.692 366.154 235.571 235.571 235.571 356.923 0.0 18.462 0.0
svg/svg/g_6/line_118                     6 1.0 0.0 0.0 0.0 181.846 25.49 50.0 2.0 0.0 6.115 347.692 363.077 232.201 232.201 232.201 355.385 0.0 15.385 0.0
svg/svg/g_6/line_119                     6 1.0 0.0 0.0 0.0 16.114 100.0 65.686 2.0 0.0 6.116 336.923 347.692 228.831 228.831 228.831 342.308 0.0 10.769 0.0
svg/svg/g_6/line_120                     6 1.0 0.0 0.0 0.0 181.846 25.49 50.0 2.0 0.0 6.117 347.692 350.154 225.461 225.461 225.461 348.923 0.0 2.462 0.0
svg/svg/g_6/line_121                     6 1.0 0.0 0.0 0.0 181.846 25.49 50.0 2.0 0.0 6.118 347.692 377.846 222.082 222.082 222.082 362.769 0.0 30.154 0.0
svg/svg/g_6/line_122                     6 1.0 0.0 0.0 0.0 181.846 25.49 50.0 2.0 0.0 6.119 347.692 369.077 218.712 218.712 218.712 358.385 0.0 21.385 0.0
svg/svg/g_6/line_123                     6 1.0 0.0 0.0 0.0 181.846 25.49 50.0 2.0 0.0 6.12 347.692 353.846 215.342 215.342 215.342 350.769 0.0 6.154 0.0
svg/svg/g_6/line_124                     6 1.0 0.0 0.0 0.0 16.114 100.0 65.686 2.0 0.0 6.121 329.231 347.692 211.973 211.973 211.973 338.462 0.0 18.462 0.0
svg/svg/g_6/line_125                     6 1.0 0.0 0.0 0.0 16.114 100.0 65.686 2.0 0.0 6.122 317.538 347.692 208.603 208.603 208.603 332.615 0.0 30.154 0.0
svg/svg/g_6/line_126                     6 1.0 0.0 0.0 0.0 16.114 100.0 65.686 2.0 0.0 6.123 333.846 347.692 205.233 205.233 205.233 340.769 0.0 13.846 0.0
svg/svg/g_6/line_127                     6 1.0 0.0 0.0 0.0 181.846 25.49 50.0 2.0 0.0 6.124 347.692 359.846 201.863 201.863 201.863 353.769 0.0 12.154 0.0
svg/svg/g_6/line_128                     6 1.0 0.0 0.0 0.0 16.114 100.0 65.686 2.0 0.0 6.125 328.0 347.692 198.493 198.493 198.493 337.846 0.0 19.692 0.0
svg/svg/g_6/line_129                     6 1.0 0.0 0.0 0.0 16.114 100.0 65.686 2.0 0.0 6.126 330.462 347.692 195.114 195.114 195.114 339.077 0.0 17.231 0.0
svg/svg/g_6/line_130                     6 1.0 0.0 0.0 0.0 16.114 100.0 65.686 2.0 0.0 6.127 344.0 347.692 191.744 191.744 191.744 345.846 0.0 3.692 0.0
svg/svg/g_6/line_131                     6 1.0 0.0 0.0 0.0 181.846 25.49 50.0 2.0 0.0 6.128 347.692 355.538 188.374 188.374 188.374 351.615 0.0 7.846 0.0
svg/svg/g_6/line_132                     6 1.0 0.0 0.0 0.0 181.846 25.49 50.0 2.0 0.0 6.129 347.692 357.077 185.005 185.005 185.005 352.385 0.0 9.385 0.0
svg/svg/g_6/line_133                     6 1.0 0.0 0.0 0.0 181.846 25.49 50.0 2.0 0.0 6.13 347.692 360.308 181.626 181.626 181.626 354.0 0.0 12.615 0.0
svg/svg/g_6/line_134                     6 1.0 0.0 0.0 0.0 181.846 25.49 50.0 2.0 0.0 6.131 347.692 350.769 178.256 178.256 178.256 349.231 0.0 3.077 0.0
svg/svg/g_6/line_135                     6 1.0 0.0 0.0 0.0 181.846 25.49 50.0 2.0 0.0 6.132 347.692 369.385 174.886 174.886 174.886 358.538 0.0 21.692 0.0
svg/svg/g_6/line_136                     6 1.0 0.0 0.0 0.0 16.114 100.0 65.686 2.0 0.0 6.133 324.154 347.692 171.516 171.516 171.516 335.923 0.0 23.538 0.0
svg/svg/g_6/line_137                     6 1.0 0.0 0.0 0.0 16.114 100.0 65.686 2.0 0.0 6.134 343.692 347.692 168.137 168.137 168.137 345.692 0.0 4.0 0.0
svg/svg/g_6/line_138                     6 1.0 0.0 0.0 0.0 181.846 25.49 50.0 2.0 0.0 6.135 347.692 374.923 164.767 164.767 164.767 361.308 0.0 27.231 0.0
svg/svg/g_6/line_139                     6 1.0 0.0 0.0 0.0 181.846 25.49 50.0 2.0 0.0 6.136 347.692 369.692 161.397 161.397 161.397 358.692 0.0 22.0 0.0
svg/svg/g_6/line_140                     6 1.0 0.0 0.0 0.0 181.846 25.49 50.0 2.0 0.0 6.137 347.692 365.385 158.027 158.027 158.027 356.538 0.0 17.692 0.0
svg/svg/g_6/line_141                     6 1.0 0.0 0.0 0.0 181.846 25.49 50.0 2.0 0.0 6.138 347.692 371.692 154.648 154.648 154.648 359.692 0.0 24.0 0.0
svg/svg/g_6/line_142                     6 1.0 0.0 0.0 0.0 16.114 100.0 65.686 2.0 0.0 6.139 345.385 347.692 151.279 151.279 151.279 346.538 0.0 2.308 0.0
svg/svg/g_6/line_143                     6 1.0 0.0 0.0 0.0 16.114 100.0 65.686 2.0 0.0 6.14 337.077 347.692 147.909 147.909 147.909 342.385 0.0 10.615 0.0
svg/svg/g_6/line_144                     6 1.0 0.0 0.0 0.0 16.114 100.0 65.686 2.0 0.0 6.141 328.923 347.692 144.539 144.539 144.539 338.308 0.0 18.769 0.0
svg/svg/g_6/line_145                     6 1.0 0.0 0.0 0.0 16.114 100.0 65.686 2.0 0.0 6.142 346.615 347.692 141.16 141.16 141.16 347.154 0.0 1.077 0.0
svg/svg/g_6/line_146                     6 1.0 0.0 0.0 0.0 16.114 100.0 65.686 2.0 0.0 6.143 334.462 347.692 137.79 137.79 137.79 341.077 0.0 13.231 0.0
svg/svg/g_6/line_147                     6 1.0 0.0 0.0 0.0 16.114 100.0 65.686 2.0 0.0 6.144 281.692 347.692 134.42 134.42 134.42 314.692 0.0 66.0 0.0
svg/svg/g_6/line_148                     6 1.0 0.0 0.0 0.0 16.114 100.0 65.686 2.0 0.0 6.145 294.462 347.692 131.05 131.05 131.05 321.077 0.0 53.231 0.0
svg/svg/g_6/line_149                     6 1.0 0.0 0.0 0.0 181.846 25.49 50.0 2.0 0.0 6.146 347.692 353.846 127.671 127.671 127.671 350.769 0.0 6.154 0.0
svg/svg/g_6/line_150                     6 1.0 0.0 0.0 0.0 181.846 25.49 50.0 2.0 0.0 6.147 347.692 353.077 124.301 124.301 124.301 350.385 0.0 5.385 0.0
svg/svg/g_6/line_151                     6 1.0 0.0 0.0 0.0 181.846 25.49 50.0 2.0 0.0 6.148 347.692 347.846 120.932 120.932 120.932 347.769 0.0 0.154 0.0
svg/svg/g_6/line_152                     6 1.0 0.0 0.0 0.0 16.114 100.0 65.686 2.0 0.0 6.149 340.462 347.692 117.562 117.562 117.562 344.077 0.0 7.231 0.0
svg/svg/g_6/line_153                     6 1.0 0.0 0.0 0.0 16.114 100.0 65.686 2.0 0.0 6.15 346.0 347.692 114.183 114.183 114.183 346.846 0.0 1.692 0.0
svg/svg/g_6/line_154                     6 1.0 0.0 0.0 0.0 181.846 25.49 50.0 2.0 0.0 6.151 347.692 351.077 110.813 110.813 110.813 349.385 0.0 3.385 0.0
svg/svg/g_6/line_155                     6 1.0 0.0 0.0 0.0 16.114 100.0 65.686 2.0 0.0 6.152 345.538 347.692 107.443 107.443 107.443 346.615 0.0 2.154 0.0
svg/svg/g_6/line_156                     6 1.0 0.0 0.0 0.0 16.114 100.0 65.686 2.0 0.0 6.153 334.462 347.692 104.073 104.073 104.073 341.077 0.0 13.231 0.0
svg/svg/g_6/line_157                     6 1.0 0.0 0.0 0.0 16.114 100.0 65.686 2.0 0.0 6.154 334.615 347.692 100.694 100.694 100.694 341.154 0.0 13.077 0.0
svg/svg/g_6/line_158                     6 1.0 0.0 0.0 0.0 16.114 100.0 65.686 2.0 0.0 6.155 329.077 347.692 97.324 97.324 97.324 338.385 0.0 18.615 0.0
svg/svg/g_6/line_159                     6 1.0 0.0 0.0 0.0 16.114 100.0 65.686 2.0 0.0 6.156 336.0 347.692 93.954 93.954 93.954 341.846 0.0 11.692 0.0
svg/svg/g_6/line_160                     6 1.0 0.0 0.0 0.0 16.114 100.0 65.686 2.0 0.0 6.157 342.308 347.692 90.585 90.585 90.585 345.0 0.0 5.385 0.0
svg/svg/g_6/line_161                     6 1.0 0.0 0.0 0.0 181.846 25.49 50.0 2.0 0.0 6.158 347.692 356.769 87.205 87.205 87.205 352.231 0.0 9.077 0.0
svg/svg/g_6/line_162                     6 1.0 0.0 0.0 0.0 181.846 25.49 50.0 2.0 0.0 6.159 347.692 351.846 83.836 83.836 83.836 349.769 0.0 4.154 0.0
svg/svg/g_6/line_163                     6 1.0 0.0 0.0 0.0 181.846 25.49 50.0 2.0 0.0 6.16 347.692 390.0 80.466 80.466 80.466 368.846 0.0 42.308 0.0
svg/svg/g_6/line_164                     6 1.0 0.0 0.0 0.0 181.846 25.49 50.0 2.0 0.0 6.161 347.692 373.077 77.096 77.096 77.096 360.385 0.0 25.385 0.0
svg/svg/g_6/line_165                     6 1.0 0.0 0.0 0.0 181.846 25.49 50.0 2.0 0.0 6.162 347.692 360.923 73.717 73.717 73.717 354.308 0.0 13.231 0.0
svg/svg/g_6/line_166                     6 1.0 0.0 0.0 0.0 16.114 100.0 65.686 2.0 0.0 6.163 337.385 347.692 70.347 70.347 70.347 342.538 0.0 10.308 0.0
svg/svg/g_6/line_167                     6 1.0 0.0 0.0 0.0 181.846 25.49 50.0 2.0 0.0 6.164 347.692 354.923 66.977 66.977 66.977 351.308 0.0 7.231 0.0
svg/svg/g_6/line_168                     6 1.0 0.0 0.0 0.0 181.846 25.49 50.0 2.0 0.0 6.165 347.692 386.615 63.607 63.607 63.607 367.154 0.0 38.923 0.0
svg/svg/g_6/line_169                     6 1.0 0.0 0.0 0.0 181.846 25.49 50.0 2.0 0.0 6.166 347.692 364.923 60.228 60.228 60.228 356.308 0.0 17.231 0.0
svg/svg/g_6/line_170                     6 1.0 0.0 0.0 0.0 16.114 100.0 65.686 2.0 0.0 6.167 346.923 347.692 56.858 56.858 56.858 347.308 0.0 0.769 0.0
svg/svg/g_6/line_171                     6 1.0 0.0 0.0 0.0 16.114 100.0 65.686 2.0 0.0 6.168 347.692 347.692 53.489 53.489 53.489 347.692 0.0 0.0 0.0
svg/svg/g_6/line_172                     6 1.0 0.0 0.0 0.0 181.846 25.49 50.0 2.0 0.0 6.169 347.692 349.846 50.119 50.119 50.119 348.769 0.0 2.154 0.0
svg/svg/g_6/line_173                     6 1.0 0.0 0.0 0.0 181.846 25.49 50.0 2.0 0.0 6.17 347.692 348.923 46.74 46.74 46.74 348.308 0.0 1.231 0.0
svg/svg/g_6/line_174                     6 1.0 0.0 0.0 0.0 181.846 25.49 50.0 2.0 0.0 6.171 347.692 352.923 43.37 43.37 43.37 350.308 0.0 5.231 0.0
svg/svg/g_6/line_175                     6 1.0 0.0 0.0 0.0 181.846 25.49 50.0 2.0 0.0 6.172 347.692 370.769 40.0 40.0 40.0 359.231 0.0 23.077 0.0
svg/svg/g_7/text_4                       9 1.0 0.0 0.0 0.0 0.0 0.0 0.0 1.0 0.0 7.0 249.692 259.692 124.301 164.301 144.301 254.692 40.0 10.0 400.0
svg/svg/g_7/text_4/tspan                 23 1.0 0.0 0.0 0.0 0.0 0.0 0.0 1.0 0.0 70.0 249.692 259.692 124.301 164.301 144.301 254.692 40.0 10.0 400.0
svg/svg/g_7/text_4/tspan_1               23 1.0 0.0 0.0 0.0 0.0 0.0 0.0 1.0 0.0 70.1 249.692 259.692 124.301 164.301 144.301 254.692 40.0 10.0 400.0
svg/svg/g_8/path                         2 1.0 0.0 0.0 0.0 0.0 0.0 0.0 1.0 0.0 8.0 281.69 281.69 40.0 208.6 124.3 281.69 168.6 0.0 0.0
svg/svg/g_8/marker/path_1                2 1.0 0.0 0.0 0.0 0.0 0.0 0.0 1.5 0.0 81.0 0 0 0 0 0.0 0.0 0 0 0
svg/svg/g_8/marker_1/path_2              2 1.0 0.0 0.0 0.0 0.0 0.0 0.0 1.5 0.0 82.0 0 0 0 0 0.0 0.0 0 0 0
svg/svg/g_9/text_5                       9 1.0 0.0 0.0 0.0 0.0 0.0 0.0 1.0 0.0 9.0 410.36 420.36 613.251 653.251 633.251 415.36 40.0 10.0 400.0
svg/svg/g_9/text_6                       9 1.0 0.0 0.0 0.0 0.0 0.0 0.0 1.0 0.0 9.1 410.36 420.36 545.808 585.808 565.808 415.36 40.0 10.0 400.0
svg/svg/g_9/text_7                       9 1.0 0.0 0.0 0.0 0.0 0.0 0.0 1.0 0.0 9.2 410.36 420.36 478.365 518.365 498.365 415.36 40.0 10.0 400.0
svg/svg/g_9/text_8                       9 1.0 0.0 0.0 0.0 0.0 0.0 0.0 1.0 0.0 9.3 410.36 420.36 410.922 450.922 430.922 415.36 40.0 10.0 400.0
svg/svg/g_9/text_9                       9 1.0 0.0 0.0 0.0 0.0 0.0 0.0 1.0 0.0 9.4 410.36 420.36 343.479 383.479 363.479 415.36 40.0 10.0 400.0
svg/svg/g_9/text_10                      9 1.0 0.0 0.0 0.0 0.0 0.0 0.0 1.0 0.0 9.5 410.36 420.36 276.036 316.036 296.036 415.36 40.0 10.0 400.0
svg/svg/g_9/text_11                      9 1.0 0.0 0.0 0.0 0.0 0.0 0.0 1.0 0.0 9.6 410.36 420.36 208.603 248.603 228.603 415.36 40.0 10.0 400.0
svg/svg/g_9/text_12                      9 1.0 0.0 0.0 0.0 0.0 0.0 0.0 1.0 0.0 9.7 410.36 420.36 141.16 181.16 161.16 415.36 40.0 10.0 400.0
svg/svg/g_9/text_13                      9 1.0 0.0 0.0 0.0 0.0 0.0 0.0 1.0 0.0 9.8 410.36 420.36 73.717 113.717 93.717 415.36 40.0 10.0 400.0
svg/svg/g_10/path_3                      2 1.0 0.0 0.0 0.0 0.0 0.0 0.0 1.0 0.0 10.0 0.0 6.0 0.0 0.0 0.0 3.0 0.0 6.0 0.0
svg/svg/g_10/path_4                      2 1.0 0.0 0.0 0.0 0.0 0.0 0.0 1.0 0.0 10.1 0.0 6.0 0.0 0.0 0.0 3.0 0.0 6.0 0.0
svg/svg/g_10/path_5                      2 1.0 0.0 0.0 0.0 0.0 0.0 0.0 1.0 0.0 10.2 0.0 6.0 0.0 0.0 0.0 3.0 0.0 6.0 0.0
svg/svg/g_10/path_6                      2 1.0 0.0 0.0 0.0 0.0 0.0 0.0 1.0 0.0 10.3 0.0 6.0 0.0 0.0 0.0 3.0 0.0 6.0 0.0
svg/svg/g_10/path_7                      2 1.0 0.0 0.0 0.0 0.0 0.0 0.0 1.0 0.0 10.4 0.0 6.0 0.0 0.0 0.0 3.0 0.0 6.0 0.0
svg/svg/g_10/path_8                      2 1.0 0.0 0.0 0.0 0.0 0.0 0.0 1.0 0.0 10.5 0.0 6.0 0.0 0.0 0.0 3.0 0.0 6.0 0.0
svg/svg/g_10/path_9                      2 1.0 0.0 0.0 0.0 0.0 0.0 0.0 1.0 0.0 10.6 0.0 6.0 0.0 0.0 0.0 3.0 0.0 6.0 0.0
svg/svg/g_10/path_10                     2 1.0 0.0 0.0 0.0 0.0 0.0 0.0 1.0 0.0 10.7 0.0 6.0 0.0 0.0 0.0 3.0 0.0 6.0 0.0
svg/svg/g_10/path_11                     2 1.0 0.0 0.0 0.0 0.0 0.0 0.0 1.0 0.0 10.8 0.0 6.0 0.0 0.0 0.0 3.0 0.0 6.0 0.0
svg/svg/g_11/text_14                     9 1.0 0.0 0.0 0.0 0.0 0.0 0.0 1.0 0.0 11.0 3.0 13.0 3.0 43.0 23.0 8.0 40.0 10.0 400.0
svg/svg/g_11/text_14/tspan_2             23 1.0 0.0 0.0 0.0 0.0 0.0 0.0 1.0 0.0 110.0 3.0 13.0 3.0 43.0 23.0 8.0 40.0 10.0 400.0
svg/svg/g_11/text_14/tspan_3             23 1.0 0.0 0.0 0.0 0.0 0.0 0.0 1.0 0.0 110.1 3.0 13.0 3.0 43.0 23.0 8.0 40.0 10.0 400.0
svg/svg/g_12/text_15                     9 1.0 0.0 0.0 0.0 0.0 0.0 0.0 1.0 0.0 12.0 45.12 55.12 31.0 71.0 51.0 50.12 40.0 10.0 400.0
svg/svg/g_12/text_16                     9 1.0 0.0 0.0 0.0 0.0 0.0 0.0 1.0 0.0 12.1 122.043 132.043 31.0 71.0 51.0 127.043 40.0 10.0 400.0
svg/svg/g_12/text_17                     9 1.0 0.0 0.0 0.0 0.0 0.0 0.0 1.0 0.0 12.2 198.966 208.966 31.0 71.0 51.0 203.966 40.0 10.0 400.0
svg/svg/g_12/text_18                     9 1.0 0.0 0.0 0.0 0.0 0.0 0.0 1.0 0.0 12.3 275.889 285.889 31.0 71.0 51.0 280.889 40.0 10.0 400.0
svg/svg/g_12/text_19                     9 1.0 0.0 0.0 0.0 0.0 0.0 0.0 1.0 0.0 12.4 352.812 362.812 31.0 71.0 51.0 357.812 40.0 10.0 400.0
svg/svg/g_13/path_12                     2 1.0 0.0 0.0 0.0 0.0 0.0 0.0 1.0 0.0 13.0 0.0 0.0 -4.0 0.0 -2.0 0.0 4.0 0.0 0.0
svg/svg/g_13/path_13                     2 1.0 0.0 0.0 0.0 0.0 0.0 0.0 1.0 0.0 13.1 0.0 0.0 -4.0 0.0 -2.0 0.0 4.0 0.0 0.0
svg/svg/g_13/path_14                     2 1.0 0.0 0.0 0.0 0.0 0.0 0.0 1.0 0.0 13.2 0.0 0.0 -4.0 0.0 -2.0 0.0 4.0 0.0 0.0
svg/svg/g_13/path_15                     2 1.0 0.0 0.0 0.0 0.0 0.0 0.0 1.0 0.0 13.3 0.0 0.0 -4.0 0.0 -2.0 0.0 4.0 0.0 0.0
svg/svg/g_13/path_16                     2 1.0 0.0 0.0 0.0 0.0 0.0 0.0 1.0 0.0 13.4 0.0 0.0 -4.0 0.0 -2.0 0.0 4.0 0.0 0.0
svg/svg/g_14/line_176                    6 1.0 0.0 0.0 0.0 0.0 0.0 0.0 1.0 0.0 14.0 40.0 40.0 40.0 620.0 330.0 40.0 580.0 0.0 0.0
svg/svg/g_14/line_177                    6 1.0 0.0 0.0 0.0 0.0 0.0 0.0 1.0 0.0 14.1 116.923 116.923 40.0 620.0 330.0 116.923 580.0 0.0 0.0
svg/svg/g_14/line_178                    6 1.0 0.0 0.0 0.0 0.0 0.0 0.0 1.0 0.0 14.2 193.846 193.846 40.0 620.0 330.0 193.846 580.0 0.0 0.0
svg/svg/g_14/line_179                    6 1.0 0.0 0.0 0.0 0.0 0.0 0.0 1.0 0.0 14.3 270.769 270.769 40.0 620.0 330.0 270.769 580.0 0.0 0.0
svg/svg/g_14/line_180                    6 1.0 0.0 0.0 0.0 0.0 0.0 0.0 1.0 0.0 14.4 347.692 347.692 40.0 620.0 330.0 347.692 580.0 0.0 0.0
