svg/svg/g/a                              24 1.0 0.0 0.0 0.0 0.0 0.0 0.0 1.0 0.0 0.0 275.0 550.0 320.0 640.0 480.0 412.5 320.0 275.0 88000.0
svg/svg/g/a/text                         9 1.0 0.0 0.0 0.0 0.0 0.0 0.0 1.0 0.0 0.0 3930.0 3940.0 0.0 40.0 20.0 3935.0 40.0 10.0 400.0
svg/svg/g/text_1                         9 1.0 0.0 0.0 0.0 0.0 0.0 0.0 1.0 0.0 0.1 3920.0 3930.0 0.0 40.0 20.0 3925.0 40.0 10.0 400.0
svg/svg/g_2/text_2                       9 1.0 0.0 0.0 0.0 36.0 100.0 96.078 8.0 0.0 2.0 25.12 35.12 356.364 396.364 376.364 30.12 40.0 10.0 400.0
svg/svg/g_3/path                         2 1.0 0.0 0.0 0.0 0.0 0.0 0.0 1.0 0.0 3.0 19.68 313.85 40.0 620.0 330.0 166.765 580.0 294.17 170618.6
svg/svg/g_4/text_3                       9 1.0 0.0 0.0 0.0 36.0 100.0 96.078 8.0 0.0 4.0 63.582 73.582 356.364 396.364 376.364 68.582 40.0 10.0 400.0
svg/svg/g_5/path_1                       2 1.0 0.0 0.0 0.0 0.0 0.0 0.0 1.0 0.0 5.0 58.14 352.31 40.0 620.0 330.0 205.225 580.0 294.17 170618.6
svg/svg/g_6/text_4                       9 1.0 0.0 0.0 0.0 36.0 100.0 96.078 5.0 0.0 6.0 206.846 216.846 356.364 396.364 376.364 211.846 40.0 10.0 400.0
svg/svg/g_6/text_4/tspan                 23 1.0 0.0 0.0 0.0 36.0 100.0 96.078 5.0 0.0 60.0 206.846 216.846 356.364 396.364 376.364 211.846 40.0 10.0 400.0
svg/svg/g_6/text_4/tspan_1               23 1.0 0.0 0.0 0.0 36.0 100.0 96.078 5.0 0.0 60.1 206.846 216.846 356.364 396.364 376.364 211.846 40.0 10.0 400.0
svg/svg/g_6/text_4/tspan_2               23 1.0 0.0 0.0 0.0 36.0 100.0 96.078 5.0 0.0 60.2 206.846 216.846 356.364 396.364 376.364 211.846 40.0 10.0 400.0
svg/svg/g_7/path_2                       2 1.0 0.0 0.0 0.0 0.0 0.0 0.0 1.5 0.0 7.0 173.53 467.69 40.0 620.0 330.0 320.61 580.0 294.16 170612.8
svg/svg/g_8/path_3                       2 1.0 0.0 0.0 0.0 50.483 100.0 71.569 0.7 0.0 8.0 168.81 500.77 40.0 620.0 330.0 334.79 580.0 331.96 192536.8
svg/svg/g_8/path_4                       2 1.0 0.0 0.0 0.0 50.483 100.0 71.569 0.7 0.0 8.1 173.73 460.24 40.0 620.0 330.0 316.985 580.0 286.51 166175.8
svg/svg/g_8/path_5                       2 1.0 0.0 0.0 0.0 50.483 100.0 71.569 0.7 0.0 8.2 160.59 465.18 40.0 620.0 330.0 312.885 580.0 304.59 176662.2
svg/svg/g_8/path_6                       2 1.0 0.0 0.0 0.0 50.483 100.0 71.569 0.7 0.0 8.3 153.36 469.23 40.0 620.0 330.0 311.295 580.0 315.87 183204.6
svg/svg/g_8/path_7                       2 1.0 0.0 0.0 0.0 50.483 100.0 71.569 0.7 0.0 8.4 168.19 485.93 40.0 620.0 330.0 327.06 580.0 317.74 184289.2
svg/svg/g_8/path_8                       2 1.0 0.0 0.0 0.0 50.483 100.0 71.569 0.7 0.0 8.5 182.37 465.38 40.0 620.0 330.0 323.875 580.0 283.01 164145.8
svg/svg/g_8/path_9                       2 1.0 0.0 0.0 0.0 50.483 100.0 71.569 0.7 0.0 8.6 174.53 458.13 40.0 620.0 330.0 316.33 580.0 283.6 164488.0
svg/svg/g_8/path_10                      2 1.0 0.0 0.0 0.0 50.483 100.0 71.569 0.7 0.0 8.7 195.3 483.08 40.0 620.0 330.0 339.19 580.0 287.78 166912.4
svg/svg/g_8/path_11                      2 1.0 0.0 0.0 0.0 50.483 100.0 71.569 0.7 0.0 8.8 182.24 469.3 40.0 620.0 330.0 325.77 580.0 287.06 166494.8
svg/svg/g_8/path_12                      2 1.0 0.0 0.0 0.0 50.483 100.0 71.569 0.7 0.0 8.9 180.86 470.0 40.0 620.0 330.0 325.43 580.0 289.14 167701.2
svg/svg/g_8/path_13                      2 1.0 0.0 0.0 0.0 50.483 100.0 71.569 0.7 0.0 8.1 177.87 489.23 40.0 620.0 330.0 333.55 580.0 311.36 180588.8
svg/svg/g_8/path_14                      2 1.0 0.0 0.0 0.0 50.483 100.0 71.569 0.7 0.0 8.11 178.67 520.0 40.0 620.0 330.0 349.335 580.0 341.33 197971.4
svg/svg/g_8/path_15                      2 1.0 0.0 0.0 0.0 50.483 100.0 71.569 0.7 0.0 8.12 185.38 513.85 40.0 620.0 330.0 349.615 580.0 328.47 190512.6
svg/svg/g_8/path_16                      2 1.0 0.0 0.0 0.0 50.483 100.0 71.569 0.7 0.0 8.13 186.55 453.08 40.0 620.0 330.0 319.815 580.0 266.53 154587.4
svg/svg/g_8/path_17                      2 1.0 0.0 0.0 0.0 50.483 100.0 71.569 0.7 0.0 8.14 174.82 479.23 40.0 620.0 330.0 327.025 580.0 304.41 176557.8
svg/svg/g_8/path_18                      2 1.0 0.0 0.0 0.0 50.483 100.0 71.569 0.7 0.0 8.15 174.78 457.69 40.0 620.0 330.0 316.235 580.0 282.91 164087.8
svg/svg/g_8/path_19                      2 1.0 0.0 0.0 0.0 50.483 100.0 71.569 0.7 0.0 8.16 153.08 454.75 40.0 620.0 330.0 303.915 580.0 301.67 174968.6
svg/svg/g_8/path_20                      2 1.0 0.0 0.0 0.0 50.483 100.0 71.569 0.7 0.0 8.17 174.39 456.09 40.0 620.0 330.0 315.24 580.0 281.7 163386.0
svg/svg/g_8/path_21                      2 1.0 0.0 0.0 0.0 50.483 100.0 71.569 0.7 0.0 8.18 153.07 484.69 40.0 620.0 330.0 318.88 580.0 331.62 192339.6
svg/svg/g_8/path_22                      2 1.0 0.0 0.0 0.0 50.483 100.0 71.569 0.7 0.0 8.19 175.24 456.92 40.0 620.0 330.0 316.08 580.0 281.68 163374.4
svg/svg/g_8/path_23                      2 1.0 0.0 0.0 0.0 50.483 100.0 71.569 0.7 0.0 8.2 164.12 468.39 40.0 620.0 330.0 316.255 580.0 304.27 176476.6
svg/svg/g_8/path_24                      2 1.0 0.0 0.0 0.0 50.483 100.0 71.569 0.7 0.0 8.21 168.49 483.31 40.0 620.0 330.0 325.9 580.0 314.82 182595.6
svg/svg/g_8/path_25                      2 1.0 0.0 0.0 0.0 50.483 100.0 71.569 0.7 0.0 8.22 162.37 475.38 40.0 620.0 330.0 318.875 580.0 313.01 181545.8
svg/svg/g_8/path_26                      2 1.0 0.0 0.0 0.0 50.483 100.0 71.569 0.7 0.0 8.23 169.02 464.62 40.0 620.0 330.0 316.82 580.0 295.6 171448.0
svg/svg/g_8/path_27                      2 1.0 0.0 0.0 0.0 50.483 100.0 71.569 0.7 0.0 8.24 175.82 456.92 40.0 620.0 330.0 316.37 580.0 281.1 163038.0
svg/svg/g_8/path_28                      2 1.0 0.0 0.0 0.0 50.483 100.0 71.569 0.7 0.0 8.25 173.48 476.15 40.0 620.0 330.0 324.815 580.0 302.67 175548.6
svg/svg/g_8/path_29                      2 1.0 0.0 0.0 0.0 50.483 100.0 71.569 0.7 0.0 8.26 169.23 469.23 40.0 620.0 330.0 319.23 580.0 300.0 174000.0
svg/svg/g_8/path_30                      2 1.0 0.0 0.0 0.0 50.483 100.0 71.569 0.7 0.0 8.27 142.35 454.62 40.0 620.0 330.0 298.485 580.0 312.27 181116.6
svg/svg/g_8/path_31                      2 1.0 0.0 0.0 0.0 50.483 100.0 71.569 0.7 0.0 8.28 147.69 440.0 40.0 620.0 330.0 293.845 580.0 292.31 169539.8
svg/svg/g_8/path_32                      2 1.0 0.0 0.0 0.0 50.483 100.0 71.569 0.7 0.0 8.29 172.97 459.23 40.0 620.0 330.0 316.1 580.0 286.26 166030.8
svg/svg/g_8/path_33                      2 1.0 0.0 0.0 0.0 50.483 100.0 71.569 0.7 0.0 8.3 174.93 472.31 40.0 620.0 330.0 323.62 580.0 297.38 172480.4
svg/svg/g_8/path_34                      2 1.0 0.0 0.0 0.0 50.483 100.0 71.569 0.7 0.0 8.31 165.15 448.79 40.0 620.0 330.0 306.97 580.0 283.64 164511.2
svg/svg/g_8/path_35                      2 1.0 0.0 0.0 0.0 50.483 100.0 71.569 0.7 0.0 8.32 180.48 463.08 40.0 620.0 330.0 321.78 580.0 282.6 163908.0
svg/svg/g_8/path_36                      2 1.0 0.0 0.0 0.0 50.483 100.0 71.569 0.7 0.0 8.33 175.3 472.07 40.0 620.0 330.0 323.685 580.0 296.77 172126.6
svg/svg/g_8/path_37                      2 1.0 0.0 0.0 0.0 50.483 100.0 71.569 0.7 0.0 8.34 197.33 458.46 40.0 620.0 330.0 327.895 580.0 261.13 151455.4
svg/svg/g_8/path_38                      2 1.0 0.0 0.0 0.0 50.483 100.0 71.569 0.7 0.0 8.35 180.88 492.31 40.0 620.0 330.0 336.595 580.0 311.43 180629.4
svg/svg/g_8/path_39                      2 1.0 0.0 0.0 0.0 50.483 100.0 71.569 0.7 0.0 8.36 176.65 489.23 40.0 620.0 330.0 332.94 580.0 312.58 181296.4
svg/svg/g_8/path_40                      2 1.0 0.0 0.0 0.0 50.483 100.0 71.569 0.7 0.0 8.37 181.54 513.85 40.0 620.0 330.0 347.695 580.0 332.31 192739.8
svg/svg/g_8/path_41                      2 1.0 0.0 0.0 0.0 50.483 100.0 71.569 0.7 0.0 8.38 173.36 470.16 40.0 620.0 330.0 321.76 580.0 296.8 172144.0
svg/svg/g_8/path_42                      2 1.0 0.0 0.0 0.0 50.483 100.0 71.569 0.7 0.0 8.39 166.92 448.46 40.0 620.0 330.0 307.69 580.0 281.54 163293.2
svg/svg/g_8/path_43                      2 1.0 0.0 0.0 0.0 50.483 100.0 71.569 0.7 0.0 8.4 189.02 475.38 40.0 620.0 330.0 332.2 580.0 286.36 166088.8
svg/svg/g_8/path_44                      2 1.0 0.0 0.0 0.0 50.483 100.0 71.569 0.7 0.0 8.41 179.91 480.5 40.0 620.0 330.0 330.205 580.0 300.59 174342.2
svg/svg/g_8/path_45                      2 1.0 0.0 0.0 0.0 50.483 100.0 71.569 0.7 0.0 8.42 188.54 461.54 40.0 620.0 330.0 325.04 580.0 273.0 158340.0
svg/svg/g_8/path_46                      2 1.0 0.0 0.0 0.0 50.483 100.0 71.569 0.7 0.0 8.43 167.38 509.23 40.0 620.0 330.0 338.305 580.0 341.85 198273.0
svg/svg/g_8/path_47                      2 1.0 0.0 0.0 0.0 50.483 100.0 71.569 0.7 0.0 8.44 173.51 482.31 40.0 620.0 330.0 327.91 580.0 308.8 179104.0
svg/svg/g_8/path_48                      2 1.0 0.0 0.0 0.0 50.483 100.0 71.569 0.7 0.0 8.45 170.7 475.38 40.0 620.0 330.0 323.04 580.0 304.68 176714.4
svg/svg/g_8/path_49                      2 1.0 0.0 0.0 0.0 50.483 100.0 71.569 0.7 0.0 8.46 161.67 456.15 40.0 620.0 330.0 308.91 580.0 294.48 170798.4
svg/svg/g_8/path_50                      2 1.0 0.0 0.0 0.0 50.483 100.0 71.569 0.7 0.0 8.47 168.95 452.31 40.0 620.0 330.0 310.63 580.0 283.36 164348.8
svg/svg/g_8/path_51                      2 1.0 0.0 0.0 0.0 50.483 100.0 71.569 0.7 0.0 8.48 180.72 462.12 40.0 620.0 330.0 321.42 580.0 281.4 163212.0
svg/svg/g_8/path_52                      2 1.0 0.0 0.0 0.0 50.483 100.0 71.569 0.7 0.0 8.49 172.92 463.84 40.0 620.0 330.0 318.38 580.0 290.92 168733.6
svg/svg/g_8/path_53                      2 1.0 0.0 0.0 0.0 39.763 100.0 66.863 0.7 0.0 8.5 168.18 471.54 40.0 620.0 330.0 319.86 580.0 303.36 175948.8
svg/svg/g_8/path_54                      2 1.0 0.0 0.0 0.0 39.763 100.0 66.863 0.7 0.0 8.51 173.73 461.54 40.0 620.0 330.0 317.635 580.0 287.81 166929.8
svg/svg/g_8/path_55                      2 1.0 0.0 0.0 0.0 39.763 100.0 66.863 0.7 0.0 8.52 179.06 462.31 40.0 620.0 330.0 320.685 580.0 283.25 164285.0
svg/svg/g_8/path_56                      2 1.0 0.0 0.0 0.0 39.763 100.0 66.863 0.7 0.0 8.53 190.54 460.77 40.0 620.0 330.0 325.655 580.0 270.23 156733.4
svg/svg/g_8/path_57                      2 1.0 0.0 0.0 0.0 39.763 100.0 66.863 0.7 0.0 8.54 196.09 490.77 40.0 620.0 330.0 343.43 580.0 294.68 170914.4
svg/svg/g_8/path_58                      2 1.0 0.0 0.0 0.0 39.763 100.0 66.863 0.7 0.0 8.55 181.25 477.52 40.0 620.0 330.0 329.385 580.0 296.27 171836.6
svg/svg/g_8/path_59                      2 1.0 0.0 0.0 0.0 39.763 100.0 66.863 0.7 0.0 8.56 180.17 466.15 40.0 620.0 330.0 323.16 580.0 285.98 165868.4
svg/svg/g_8/path_60                      2 1.0 0.0 0.0 0.0 39.763 100.0 66.863 0.7 0.0 8.57 186.53 475.82 40.0 620.0 330.0 331.175 580.0 289.29 167788.2
svg/svg/g_8/path_61                      2 1.0 0.0 0.0 0.0 39.763 100.0 66.863 0.7 0.0 8.58 182.16 472.31 40.0 620.0 330.0 327.235 580.0 290.15 168287.0
svg/svg/g_8/path_62                      2 1.0 0.0 0.0 0.0 39.763 100.0 66.863 0.7 0.0 8.59 189.51 498.46 40.0 620.0 330.0 343.985 580.0 308.95 179191.0
svg/svg/g_8/path_63                      2 1.0 0.0 0.0 0.0 39.763 100.0 66.863 0.7 0.0 8.6 187.12 476.92 40.0 620.0 330.0 332.02 580.0 289.8 168084.0
svg/svg/g_8/path_64                      2 1.0 0.0 0.0 0.0 39.763 100.0 66.863 0.7 0.0 8.61 191.62 492.31 40.0 620.0 330.0 341.965 580.0 300.69 174400.2
svg/svg/g_8/path_65                      2 1.0 0.0 0.0 0.0 39.763 100.0 66.863 0.7 0.0 8.62 187.69 458.46 40.0 620.0 330.0 323.075 580.0 270.77 157046.6
svg/svg/g_8/path_66                      2 1.0 0.0 0.0 0.0 39.763 100.0 66.863 0.7 0.0 8.63 185.73 481.54 40.0 620.0 330.0 333.635 580.0 295.81 171569.8
svg/svg/g_8/path_67                      2 1.0 0.0 0.0 0.0 39.763 100.0 66.863 0.7 0.0 8.64 175.7 445.0 40.0 620.0 330.0 310.35 580.0 269.3 156194.0
svg/svg/g_8/path_68                      2 1.0 0.0 0.0 0.0 39.763 100.0 66.863 0.7 0.0 8.65 168.55 458.46 40.0 620.0 330.0 313.505 580.0 289.91 168147.8
svg/svg/g_8/path_69                      2 1.0 0.0 0.0 0.0 39.763 100.0 66.863 0.7 0.0 8.66 182.46 482.31 40.0 620.0 330.0 332.385 580.0 299.85 173913.0
svg/svg/g_8/path_70                      2 1.0 0.0 0.0 0.0 39.763 100.0 66.863 0.7 0.0 8.67 176.68 491.54 40.0 620.0 330.0 334.11 580.0 314.86 182618.8
svg/svg/g_8/path_71                      2 1.0 0.0 0.0 0.0 39.763 100.0 66.863 0.7 0.0 8.68 183.08 481.54 40.0 620.0 330.0 332.31 580.0 298.46 173106.8
svg/svg/g_8/path_72                      2 1.0 0.0 0.0 0.0 39.763 100.0 66.863 0.7 0.0 8.69 178.92 455.38 40.0 620.0 330.0 317.15 580.0 276.46 160346.8
svg/svg/g_8/path_73                      2 1.0 0.0 0.0 0.0 39.763 100.0 66.863 0.7 0.0 8.7 175.09 457.47 40.0 620.0 330.0 316.28 580.0 282.38 163780.4
svg/svg/g_8/path_74                      2 1.0 0.0 0.0 0.0 39.763 100.0 66.863 0.7 0.0 8.71 165.86 448.46 40.0 620.0 330.0 307.16 580.0 282.6 163908.0
svg/svg/g_8/path_75                      2 1.0 0.0 0.0 0.0 39.763 100.0 66.863 0.7 0.0 8.72 172.3 463.3 40.0 620.0 330.0 317.8 580.0 291.0 168780.0
svg/svg/g_8/path_76                      2 1.0 0.0 0.0 0.0 39.763 100.0 66.863 0.7 0.0 8.73 183.43 462.35 40.0 620.0 330.0 322.89 580.0 278.92 161773.6
svg/svg/g_8/path_77                      2 1.0 0.0 0.0 0.0 39.763 100.0 66.863 0.7 0.0 8.74 174.62 459.23 40.0 620.0 330.0 316.925 580.0 284.61 165073.8
svg/svg/g_8/path_78                      2 1.0 0.0 0.0 0.0 39.763 100.0 66.863 0.7 0.0 8.75 174.1 471.54 40.0 620.0 330.0 322.82 580.0 297.44 172515.2
svg/svg/g_8/path_79                      2 1.0 0.0 0.0 0.0 39.763 100.0 66.863 0.7 0.0 8.76 170.29 436.92 40.0 620.0 330.0 303.605 580.0 266.63 154645.4
svg/svg/g_8/path_80                      2 1.0 0.0 0.0 0.0 39.763 100.0 66.863 0.7 0.0 8.77 169.76 458.46 40.0 620.0 330.0 314.11 580.0 288.7 167446.0
svg/svg/g_8/path_81                      2 1.0 0.0 0.0 0.0 39.763 100.0 66.863 0.7 0.0 8.78 169.64 431.54 40.0 620.0 330.0 300.59 580.0 261.9 151902.0
svg/svg/g_8/path_82                      2 1.0 0.0 0.0 0.0 39.763 100.0 66.863 0.7 0.0 8.79 185.07 473.01 40.0 620.0 330.0 329.04 580.0 287.94 167005.2
svg/svg/g_8/path_83                      2 1.0 0.0 0.0 0.0 39.763 100.0 66.863 0.7 0.0 8.8 165.25 457.12 40.0 620.0 330.0 311.185 580.0 291.87 169284.6
svg/svg/g_8/path_84                      2 1.0 0.0 0.0 0.0 39.763 100.0 66.863 0.7 0.0 8.81 155.66 449.51 40.0 620.0 330.0 302.585 580.0 293.85 170433.0
svg/svg/g_8/path_85                      2 1.0 0.0 0.0 0.0 39.763 100.0 66.863 0.7 0.0 8.82 168.38 440.71 40.0 620.0 330.0 304.545 580.0 272.33 157951.4
svg/svg/g_8/path_86                      2 1.0 0.0 0.0 0.0 39.763 100.0 66.863 0.7 0.0 8.83 173.59 459.23 40.0 620.0 330.0 316.41 580.0 285.64 165671.2
svg/svg/g_8/path_87                      2 1.0 0.0 0.0 0.0 39.763 100.0 66.863 0.7 0.0 8.84 165.59 460.0 40.0 620.0 330.0 312.795 580.0 294.41 170757.8
svg/svg/g_8/path_88                      2 1.0 0.0 0.0 0.0 39.763 100.0 66.863 0.7 0.0 8.85 170.57 468.46 40.0 620.0 330.0 319.515 580.0 297.89 172776.2
svg/svg/g_8/path_89                      2 1.0 0.0 0.0 0.0 39.763 100.0 66.863 0.7 0.0 8.86 160.39 463.85 40.0 620.0 330.0 312.12 580.0 303.46 176006.8
svg/svg/g_8/path_90                      2 1.0 0.0 0.0 0.0 39.763 100.0 66.863 0.7 0.0 8.87 153.63 444.62 40.0 620.0 330.0 299.125 580.0 290.99 168774.2
svg/svg/g_8/path_91                      2 1.0 0.0 0.0 0.0 39.763 100.0 66.863 0.7 0.0 8.88 159.71 434.62 40.0 620.0 330.0 297.165 580.0 274.91 159447.8
svg/svg/g_8/path_92                      2 1.0 0.0 0.0 0.0 39.763 100.0 66.863 0.7 0.0 8.89 158.36 443.08 40.0 620.0 330.0 300.72 580.0 284.72 165137.6
svg/svg/g_8/path_93                      2 1.0 0.0 0.0 0.0 39.763 100.0 66.863 0.7 0.0 8.9 145.13 435.38 40.0 620.0 330.0 290.255 580.0 290.25 168345.0
svg/svg/g_8/path_94                      2 1.0 0.0 0.0 0.0 39.763 100.0 66.863 0.7 0.0 8.91 145.93 441.54 40.0 620.0 330.0 293.735 580.0 295.61 171453.8
svg/svg/g_8/path_95                      2 1.0 0.0 0.0 0.0 39.763 100.0 66.863 0.7 0.0 8.92 157.69 427.43 40.0 620.0 330.0 292.56 580.0 269.74 156449.2
svg/svg/g_8/path_96                      2 1.0 0.0 0.0 0.0 39.763 100.0 66.863 0.7 0.0 8.93 147.08 443.85 40.0 620.0 330.0 295.465 580.0 296.77 172126.6
svg/svg/g_8/path_97                      2 1.0 0.0 0.0 0.0 39.763 100.0 66.863 0.7 0.0 8.94 139.93 412.71 40.0 620.0 330.0 276.32 580.0 272.78 158212.4
svg/svg/g_8/path_98                      2 1.0 0.0 0.0 0.0 39.763 100.0 66.863 0.7 0.0 8.95 147.16 433.6 40.0 620.0 330.0 290.38 580.0 286.44 166135.2
svg/svg/g_8/path_99                      2 1.0 0.0 0.0 0.0 39.763 100.0 66.863 0.7 0.0 8.96 160.49 440.0 40.0 620.0 330.0 300.245 580.0 279.51 162115.8
svg/svg/g_8/path_100                     2 1.0 0.0 0.0 0.0 39.763 100.0 66.863 0.7 0.0 8.97 158.46 440.77 40.0 620.0 330.0 299.615 580.0 282.31 163739.8
svg/svg/g_8/path_101                     2 1.0 0.0 0.0 0.0 39.763 100.0 66.863 0.7 0.0 8.98 162.81 443.08 40.0 620.0 330.0 302.945 580.0 280.27 162556.6
svg/svg/g_8/path_102                     2 1.0 0.0 0.0 0.0 39.763 100.0 66.863 0.7 0.0 8.99 166.01 443.26 40.0 620.0 330.0 304.635 580.0 277.25 160805.0
svg/svg/g_8/path_103                     2 1.0 0.0 0.0 0.0 31.546 100.0 61.961 0.7 0.0 8.1 156.9 459.92 40.0 620.0 330.0 308.41 580.0 303.02 175751.6
svg/svg/g_8/path_104                     2 1.0 0.0 0.0 0.0 31.546 100.0 61.961 0.7 0.0 8.101 146.45 466.07 40.0 620.0 330.0 306.26 580.0 319.62 185379.6
svg/svg/g_8/path_105                     2 1.0 0.0 0.0 0.0 31.546 100.0 61.961 0.7 0.0 8.102 145.86 425.38 40.0 620.0 330.0 285.62 580.0 279.52 162121.6
svg/svg/g_8/path_106                     2 1.0 0.0 0.0 0.0 31.546 100.0 61.961 0.7 0.0 8.103 144.57 433.08 40.0 620.0 330.0 288.825 580.0 288.51 167335.8
svg/svg/g_8/path_107                     2 1.0 0.0 0.0 0.0 31.546 100.0 61.961 0.7 0.0 8.104 163.68 456.15 40.0 620.0 330.0 309.915 580.0 292.47 169632.6
svg/svg/g_8/path_108                     2 1.0 0.0 0.0 0.0 31.546 100.0 61.961 0.7 0.0 8.105 152.74 437.69 40.0 620.0 330.0 295.215 580.0 284.95 165271.0
svg/svg/g_8/path_109                     2 1.0 0.0 0.0 0.0 31.546 100.0 61.961 0.7 0.0 8.106 161.95 445.38 40.0 620.0 330.0 303.665 580.0 283.43 164389.4
svg/svg/g_8/path_110                     2 1.0 0.0 0.0 0.0 31.546 100.0 61.961 0.7 0.0 8.107 152.86 449.23 40.0 620.0 330.0 301.045 580.0 296.37 171894.6
svg/svg/g_8/path_111                     2 1.0 0.0 0.0 0.0 31.546 100.0 61.961 0.7 0.0 8.108 155.74 414.19 40.0 620.0 330.0 284.965 580.0 258.45 149901.0
svg/svg/g_8/path_112                     2 1.0 0.0 0.0 0.0 31.546 100.0 61.961 0.7 0.0 8.109 152.31 431.54 40.0 620.0 330.0 291.925 580.0 279.23 161953.4
svg/svg/g_8/path_113                     2 1.0 0.0 0.0 0.0 31.546 100.0 61.961 0.7 0.0 8.11 155.6 440.77 40.0 620.0 330.0 298.185 580.0 285.17 165398.6
svg/svg/g_8/path_114                     2 1.0 0.0 0.0 0.0 31.546 100.0 61.961 0.7 0.0 8.111 153.03 435.38 40.0 620.0 330.0 294.205 580.0 282.35 163763.0
svg/svg/g_8/path_115                     2 1.0 0.0 0.0 0.0 31.546 100.0 61.961 0.7 0.0 8.112 159.95 435.38 40.0 620.0 330.0 297.665 580.0 275.43 159749.4
svg/svg/g_8/path_116                     2 1.0 0.0 0.0 0.0 31.546 100.0 61.961 0.7 0.0 8.113 143.12 440.0 40.0 620.0 330.0 291.56 580.0 296.88 172190.4
svg/svg/g_8/path_117                     2 1.0 0.0 0.0 0.0 31.546 100.0 61.961 0.7 0.0 8.114 160.51 446.15 40.0 620.0 330.0 303.33 580.0 285.64 165671.2
svg/svg/g_8/path_118                     2 1.0 0.0 0.0 0.0 31.546 100.0 61.961 0.7 0.0 8.115 163.91 443.85 40.0 620.0 330.0 303.88 580.0 279.94 162365.2
svg/svg/g_8/path_119                     2 1.0 0.0 0.0 0.0 31.546 100.0 61.961 0.7 0.0 8.116 146.92 451.54 40.0 620.0 330.0 299.23 580.0 304.62 176679.6
svg/svg/g_8/path_120                     2 1.0 0.0 0.0 0.0 31.546 100.0 61.961 0.7 0.0 8.117 151.72 450.84 40.0 620.0 330.0 301.28 580.0 299.12 173489.6
svg/svg/g_8/path_121                     2 1.0 0.0 0.0 0.0 31.546 100.0 61.961 0.7 0.0 8.118 167.37 455.38 40.0 620.0 330.0 311.375 580.0 288.01 167045.8
svg/svg/g_8/path_122                     2 1.0 0.0 0.0 0.0 31.546 100.0 61.961 0.7 0.0 8.119 160.59 443.08 40.0 620.0 330.0 301.835 580.0 282.49 163844.2
svg/svg/g_8/path_123                     2 1.0 0.0 0.0 0.0 31.546 100.0 61.961 0.7 0.0 8.12 156.92 429.23 40.0 620.0 330.0 293.075 580.0 272.31 157939.8
svg/svg/g_8/path_124                     2 1.0 0.0 0.0 0.0 31.546 100.0 61.961 0.7 0.0 8.121 161.72 445.23 40.0 620.0 330.0 303.475 580.0 283.51 164435.8
svg/svg/g_8/path_125                     2 1.0 0.0 0.0 0.0 31.546 100.0 61.961 0.7 0.0 8.122 149.63 460.0 40.0 620.0 330.0 304.815 580.0 310.37 180014.6
svg/svg/g_8/path_126                     2 1.0 0.0 0.0 0.0 31.546 100.0 61.961 0.7 0.0 8.123 149.97 420.77 40.0 620.0 330.0 285.37 580.0 270.8 157064.0
svg/svg/g_8/path_127                     2 1.0 0.0 0.0 0.0 31.546 100.0 61.961 0.7 0.0 8.124 149.41 454.64 40.0 620.0 330.0 302.025 580.0 305.23 177033.4
svg/svg/g_8/path_128                     2 1.0 0.0 0.0 0.0 31.546 100.0 61.961 0.7 0.0 8.125 157.37 436.15 40.0 620.0 330.0 296.76 580.0 278.78 161692.4
svg/svg/g_8/path_129                     2 1.0 0.0 0.0 0.0 31.546 100.0 61.961 0.7 0.0 8.126 158.46 442.31 40.0 620.0 330.0 300.385 580.0 283.85 164633.0
svg/svg/g_8/path_130                     2 1.0 0.0 0.0 0.0 31.546 100.0 61.961 0.7 0.0 8.127 136.01 415.38 40.0 620.0 330.0 275.695 580.0 279.37 162034.6
svg/svg/g_8/path_131                     2 1.0 0.0 0.0 0.0 31.546 100.0 61.961 0.7 0.0 8.128 147.25 429.23 40.0 620.0 330.0 288.24 580.0 281.98 163548.4
svg/svg/g_8/path_132                     2 1.0 0.0 0.0 0.0 31.546 100.0 61.961 0.7 0.0 8.129 149.92 435.02 40.0 620.0 330.0 292.47 580.0 285.1 165358.0
svg/svg/g_8/path_133                     2 1.0 0.0 0.0 0.0 31.546 100.0 61.961 0.7 0.0 8.13 130.19 410.77 40.0 620.0 330.0 270.48 580.0 280.58 162736.4
svg/svg/g_8/path_134                     2 1.0 0.0 0.0 0.0 31.546 100.0 61.961 0.7 0.0 8.131 124.01 397.88 40.0 620.0 330.0 260.945 580.0 273.87 158844.6
svg/svg/g_8/path_135                     2 1.0 0.0 0.0 0.0 31.546 100.0 61.961 0.7 0.0 8.132 143.85 430.0 40.0 620.0 330.0 286.925 580.0 286.15 165967.0
svg/svg/g_8/path_136                     2 1.0 0.0 0.0 0.0 31.546 100.0 61.961 0.7 0.0 8.133 136.97 402.31 40.0 620.0 330.0 269.64 580.0 265.34 153897.2
svg/svg/g_8/path_137                     2 1.0 0.0 0.0 0.0 31.546 100.0 61.961 0.7 0.0 8.134 148.98 422.31 40.0 620.0 330.0 285.645 580.0 273.33 158531.4
svg/svg/g_8/path_138                     2 1.0 0.0 0.0 0.0 31.546 100.0 61.961 0.7 0.0 8.135 149.69 425.66 40.0 620.0 330.0 287.675 580.0 275.97 160062.6
svg/svg/g_8/path_139                     2 1.0 0.0 0.0 0.0 31.546 100.0 61.961 0.7 0.0 8.136 144.05 421.54 40.0 620.0 330.0 282.795 580.0 277.49 160944.2
svg/svg/g_8/path_140                     2 1.0 0.0 0.0 0.0 31.546 100.0 61.961 0.7 0.0 8.137 120.77 413.08 40.0 620.0 330.0 266.925 580.0 292.31 169539.8
svg/svg/g_8/path_141                     2 1.0 0.0 0.0 0.0 31.546 100.0 61.961 0.7 0.0 8.138 128.61 398.46 40.0 620.0 330.0 263.535 580.0 269.85 156513.0
svg/svg/g_8/path_142                     2 1.0 0.0 0.0 0.0 31.546 100.0 61.961 0.7 0.0 8.139 128.07 434.62 40.0 620.0 330.0 281.345 580.0 306.55 177799.0
svg/svg/g_8/path_143                     2 1.0 0.0 0.0 0.0 31.546 100.0 61.961 0.7 0.0 8.14 118.43 408.26 40.0 620.0 330.0 263.345 580.0 289.83 168101.4
svg/svg/g_8/path_144                     2 1.0 0.0 0.0 0.0 31.546 100.0 61.961 0.7 0.0 8.141 114.44 406.15 40.0 620.0 330.0 260.295 580.0 291.71 169191.8
svg/svg/g_8/path_145                     2 1.0 0.0 0.0 0.0 31.546 100.0 61.961 0.7 0.0 8.142 145.18 401.54 40.0 620.0 330.0 273.36 580.0 256.36 148688.8
svg/svg/g_8/path_146                     2 1.0 0.0 0.0 0.0 31.546 100.0 61.961 0.7 0.0 8.143 133.08 408.46 40.0 620.0 330.0 270.77 580.0 275.38 159720.4
svg/svg/g_8/path_147                     2 1.0 0.0 0.0 0.0 31.546 100.0 61.961 0.7 0.0 8.144 130.74 422.28 40.0 620.0 330.0 276.51 580.0 291.54 169093.2
svg/svg/g_8/path_148                     2 1.0 0.0 0.0 0.0 31.546 100.0 61.961 0.7 0.0 8.145 112.61 399.23 40.0 620.0 330.0 255.92 580.0 286.62 166239.6
svg/svg/g_8/path_149                     2 1.0 0.0 0.0 0.0 31.546 100.0 61.961 0.7 0.0 8.146 120.16 413.85 40.0 620.0 330.0 267.005 580.0 293.69 170340.2
svg/svg/g_8/path_150                     2 1.0 0.0 0.0 0.0 31.546 100.0 61.961 0.7 0.0 8.147 120.6 411.54 40.0 620.0 330.0 266.07 580.0 290.94 168745.2
svg/svg/g_8/path_151                     2 1.0 0.0 0.0 0.0 31.546 100.0 61.961 0.7 0.0 8.148 97.63 389.23 40.0 620.0 330.0 243.43 580.0 291.6 169128.0
svg/svg/g_8/path_152                     2 1.0 0.0 0.0 0.0 31.546 100.0 61.961 0.7 0.0 8.149 123.76 400.77 40.0 620.0 330.0 262.265 580.0 277.01 160665.8
svg/svg/g_8/path_153                     2 1.0 0.0 0.0 0.0 23.727 100.0 56.863 0.7 0.0 8.15 123.78 413.85 40.0 620.0 330.0 268.815 580.0 290.07 168240.6
svg/svg/g_8/path_154                     2 1.0 0.0 0.0 0.0 23.727 100.0 56.863 0.7 0.0 8.151 110.0 400.0 40.0 620.0 330.0 255.0 580.0 290.0 168200.0
svg/svg/g_8/path_155                     2 1.0 0.0 0.0 0.0 23.727 100.0 56.863 0.7 0.0 8.152 107.58 380.48 40.0 620.0 330.0 244.03 580.0 272.9 158282.0
svg/svg/g_8/path_156                     2 1.0 0.0 0.0 0.0 23.727 100.0 56.863 0.7 0.0 8.153 108.02 380.78 40.0 620.0 330.0 244.4 580.0 272.76 158200.8
svg/svg/g_8/path_157                     2 1.0 0.0 0.0 0.0 23.727 100.0 56.863 0.7 0.0 8.154 129.41 390.0 40.0 620.0 330.0 259.705 580.0 260.59 151142.2
svg/svg/g_8/path_158                     2 1.0 0.0 0.0 0.0 23.727 100.0 56.863 0.7 0.0 8.155 106.92 379.4 40.0 620.0 330.0 243.16 580.0 272.48 158038.4
svg/svg/g_8/path_159                     2 1.0 0.0 0.0 0.0 23.727 100.0 56.863 0.7 0.0 8.156 107.51 390.0 40.0 620.0 330.0 248.755 580.0 282.49 163844.2
svg/svg/g_8/path_160                     2 1.0 0.0 0.0 0.0 23.727 100.0 56.863 0.7 0.0 8.157 104.21 379.23 40.0 620.0 330.0 241.72 580.0 275.02 159511.6
svg/svg/g_8/path_161                     2 1.0 0.0 0.0 0.0 23.727 100.0 56.863 0.7 0.0 8.158 109.23 415.38 40.0 620.0 330.0 262.305 580.0 306.15 177567.0
svg/svg/g_8/path_162                     2 1.0 0.0 0.0 0.0 23.727 100.0 56.863 0.7 0.0 8.159 93.55 384.62 40.0 620.0 330.0 239.085 580.0 291.07 168820.6
svg/svg/g_8/path_163                     2 1.0 0.0 0.0 0.0 23.727 100.0 56.863 0.7 0.0 8.16 106.67 376.15 40.0 620.0 330.0 241.41 580.0 269.48 156298.4
svg/svg/g_8/path_164                     2 1.0 0.0 0.0 0.0 23.727 100.0 56.863 0.7 0.0 8.161 91.92 393.08 40.0 620.0 330.0 242.5 580.0 301.16 174672.8
svg/svg/g_8/path_165                     2 1.0 0.0 0.0 0.0 23.727 100.0 56.863 0.7 0.0 8.162 106.88 403.08 40.0 620.0 330.0 254.98 580.0 296.2 171796.0
svg/svg/g_8/path_166                     2 1.0 0.0 0.0 0.0 23.727 100.0 56.863 0.7 0.0 8.163 107.31 384.59 40.0 620.0 330.0 245.95 580.0 277.28 160822.4
svg/svg/g_8/path_167                     2 1.0 0.0 0.0 0.0 23.727 100.0 56.863 0.7 0.0 8.164 97.53 385.43 40.0 620.0 330.0 241.48 580.0 287.9 166982.0
svg/svg/g_8/path_168                     2 1.0 0.0 0.0 0.0 16.0 100.0 50.0 2.0 0.0 8.165 95.4 373.85 40.0 620.0 330.0 234.625 580.0 278.45 161501.0
svg/svg/g_8/path_169                     2 1.0 0.0 0.0 0.0 16.0 100.0 50.0 2.0 0.0 8.166 83.03 344.62 40.0 620.0 330.0 213.825 580.0 261.59 151722.2
svg/svg/g_8/path_170                     2 1.0 0.0 0.0 0.0 16.0 100.0 50.0 2.0 0.0 8.167 88.17 356.15 40.0 620.0 330.0 222.16 580.0 267.98 155428.4
svg/svg/g_8/path_171                     2 1.0 0.0 0.0 0.0 16.0 100.0 50.0 2.0 0.0 8.168 91.69 373.08 40.0 620.0 330.0 232.385 580.0 281.39 163206.2
svg/svg/g_8/path_172                     2 1.0 0.0 0.0 0.0 16.0 100.0 50.0 2.0 0.0 8.169 79.9 366.92 40.0 620.0 330.0 223.41 580.0 287.02 166471.6
svg/svg/g_8/path_173                     2 1.0 0.0 0.0 0.0 16.0 100.0 50.0 2.0 0.0 8.17 82.75 353.85 40.0 620.0 330.0 218.3 580.0 271.1 157238.0
svg/svg/g_8/path_174                     2 1.0 0.0 0.0 0.0 16.0 100.0 50.0 2.0 0.0 8.171 84.21 377.13 40.0 620.0 330.0 230.67 580.0 292.92 169893.6
svg/svg/g_8/path_175                     2 1.0 0.0 0.0 0.0 16.0 100.0 50.0 2.0 0.0 8.172 81.68 367.9 40.0 620.0 330.0 224.79 580.0 286.22 166007.6
svg/svg/g_8/path_176                     2 1.0 0.0 0.0 0.0 16.0 100.0 50.0 2.0 0.0 8.173 56.51 369.23 40.0 409.09 224.545 212.87 369.09 312.72 115421.825
svg/svg/g_9/text_5                       9 1.0 0.0 0.0 0.0 0.0 0.0 0.0 1.0 0.0 9.0 540.36 550.36 620.0 660.0 640.0 545.36 40.0 10.0 400.0
svg/svg/g_9/text_6                       9 1.0 0.0 0.0 0.0 0.0 0.0 0.0 1.0 0.0 9.1 540.36 550.36 567.273 607.273 587.273 545.36 40.0 10.0 400.0
svg/svg/g_9/text_7                       9 1.0 0.0 0.0 0.0 0.0 0.0 0.0 1.0 0.0 9.2 540.36 550.36 514.545 554.545 534.545 545.36 40.0 10.0 400.0
svg/svg/g_9/text_8                       9 1.0 0.0 0.0 0.0 0.0 0.0 0.0 1.0 0.0 9.3 540.36 550.36 461.818 501.818 481.818 545.36 40.0 10.0 400.0
svg/svg/g_9/text_9                       9 1.0 0.0 0.0 0.0 0.0 0.0 0.0 1.0 0.0 9.4 540.36 550.36 409.091 449.091 429.091 545.36 40.0 10.0 400.0
svg/svg/g_9/text_10                      9 1.0 0.0 0.0 0.0 0.0 0.0 0.0 1.0 0.0 9.5 540.36 550.36 356.364 396.364 376.364 545.36 40.0 10.0 400.0
svg/svg/g_9/text_11                      9 1.0 0.0 0.0 0.0 0.0 0.0 0.0 1.0 0.0 9.6 540.36 550.36 303.636 343.636 323.636 545.36 40.0 10.0 400.0
svg/svg/g_9/text_12                      9 1.0 0.0 0.0 0.0 0.0 0.0 0.0 1.0 0.0 9.7 540.36 550.36 250.909 290.909 270.909 545.36 40.0 10.0 400.0
svg/svg/g_9/text_13                      9 1.0 0.0 0.0 0.0 0.0 0.0 0.0 1.0 0.0 9.8 540.36 550.36 198.182 238.182 218.182 545.36 40.0 10.0 400.0
svg/svg/g_9/text_14                      9 1.0 0.0 0.0 0.0 0.0 0.0 0.0 1.0 0.0 9.9 540.36 550.36 145.455 185.455 165.455 545.36 40.0 10.0 400.0
svg/svg/g_9/text_15                      9 1.0 0.0 0.0 0.0 0.0 0.0 0.0 1.0 0.0 9.1 540.36 550.36 92.727 132.727 112.727 545.36 40.0 10.0 400.0
svg/svg/g_9/text_16                      9 1.0 0.0 0.0 0.0 0.0 0.0 0.0 1.0 0.0 9.11 540.36 550.36 40.0 80.0 60.0 545.36 40.0 10.0 400.0
svg/svg/g_10/path_177                    2 1.0 0.0 0.0 0.0 0.0 0.0 0.0 1.0 0.0 10.0 0.0 6.0 0.0 0.0 0.0 3.0 0.0 6.0 0.0
svg/svg/g_10/path_178                    2 1.0 0.0 0.0 0.0 0.0 0.0 0.0 1.0 0.0 10.1 0.0 6.0 0.0 0.0 0.0 3.0 0.0 6.0 0.0
svg/svg/g_10/path_179                    2 1.0 0.0 0.0 0.0 0.0 0.0 0.0 1.0 0.0 10.2 0.0 6.0 0.0 0.0 0.0 3.0 0.0 6.0 0.0
svg/svg/g_10/path_180                    2 1.0 0.0 0.0 0.0 0.0 0.0 0.0 1.0 0.0 10.3 0.0 6.0 0.0 0.0 0.0 3.0 0.0 6.0 0.0
svg/svg/g_10/path_181                    2 1.0 0.0 0.0 0.0 0.0 0.0 0.0 1.0 0.0 10.4 0.0 6.0 0.0 0.0 0.0 3.0 0.0 6.0 0.0
svg/svg/g_10/path_182                    2 1.0 0.0 0.0 0.0 0.0 0.0 0.0 1.0 0.0 10.5 0.0 6.0 0.0 0.0 0.0 3.0 0.0 6.0 0.0
svg/svg/g_10/path_183                    2 1.0 0.0 0.0 0.0 0.0 0.0 0.0 1.0 0.0 10.6 0.0 6.0 0.0 0.0 0.0 3.0 0.0 6.0 0.0
svg/svg/g_10/path_184                    2 1.0 0.0 0.0 0.0 0.0 0.0 0.0 1.0 0.0 10.7 0.0 6.0 0.0 0.0 0.0 3.0 0.0 6.0 0.0
svg/svg/g_10/path_185                    2 1.0 0.0 0.0 0.0 0.0 0.0 0.0 1.0 0.0 10.8 0.0 6.0 0.0 0.0 0.0 3.0 0.0 6.0 0.0
svg/svg/g_10/path_186                    2 1.0 0.0 0.0 0.0 0.0 0.0 0.0 1.0 0.0 10.9 0.0 6.0 0.0 0.0 0.0 3.0 0.0 6.0 0.0
svg/svg/g_10/path_187                    2 1.0 0.0 0.0 0.0 0.0 0.0 0.0 1.0 0.0 10.1 0.0 6.0 0.0 0.0 0.0 3.0 0.0 6.0 0.0
svg/svg/g_10/path_188                    2 1.0 0.0 0.0 0.0 0.0 0.0 0.0 1.0 0.0 10.11 0.0 6.0 0.0 0.0 0.0 3.0 0.0 6.0 0.0
svg/svg/g_11/text_17                     9 1.0 0.0 0.0 0.0 0.0 0.0 0.0 1.0 0.0 11.0 14.36 24.36 3.0 43.0 23.0 19.36 40.0 10.0 400.0
svg/svg/g_12/text_18                     9 1.0 0.0 0.0 0.0 0.0 0.0 0.0 1.0 0.0 12.0 40.505 50.505 31.0 71.0 51.0 45.505 40.0 10.0 400.0
svg/svg/g_12/text_19                     9 1.0 0.0 0.0 0.0 0.0 0.0 0.0 1.0 0.0 12.1 78.966 88.966 31.0 71.0 51.0 83.966 40.0 10.0 400.0
svg/svg/g_12/text_20                     9 1.0 0.0 0.0 0.0 0.0 0.0 0.0 1.0 0.0 12.2 117.428 127.428 31.0 71.0 51.0 122.428 40.0 10.0 400.0
svg/svg/g_12/text_21                     9 1.0 0.0 0.0 0.0 0.0 0.0 0.0 1.0 0.0 12.3 155.889 165.889 31.0 71.0 51.0 160.889 40.0 10.0 400.0
svg/svg/g_12/text_22                     9 1.0 0.0 0.0 0.0 0.0 0.0 0.0 1.0 0.0 12.4 194.351 204.351 31.0 71.0 51.0 199.351 40.0 10.0 400.0
svg/svg/g_12/text_23                     9 1.0 0.0 0.0 0.0 0.0 0.0 0.0 1.0 0.0 12.5 232.812 242.812 31.0 71.0 51.0 237.812 40.0 10.0 400.0
svg/svg/g_12/text_24                     9 1.0 0.0 0.0 0.0 0.0 0.0 0.0 1.0 0.0 12.6 271.274 281.274 31.0 71.0 51.0 276.274 40.0 10.0 400.0
svg/svg/g_12/text_25                     9 1.0 0.0 0.0 0.0 0.0 0.0 0.0 1.0 0.0 12.7 309.735 319.735 31.0 71.0 51.0 314.735 40.0 10.0 400.0
svg/svg/g_12/text_26                     9 1.0 0.0 0.0 0.0 0.0 0.0 0.0 1.0 0.0 12.8 348.197 358.197 31.0 71.0 51.0 353.197 40.0 10.0 400.0
svg/svg/g_12/text_27                     9 1.0 0.0 0.0 0.0 0.0 0.0 0.0 1.0 0.0 12.9 386.658 396.658 31.0 71.0 51.0 391.658 40.0 10.0 400.0
svg/svg/g_12/text_28                     9 1.0 0.0 0.0 0.0 0.0 0.0 0.0 1.0 0.0 12.1 425.12 435.12 31.0 71.0 51.0 430.12 40.0 10.0 400.0
svg/svg/g_12/text_29                     9 1.0 0.0 0.0 0.0 0.0 0.0 0.0 1.0 0.0 12.11 463.582 473.582 31.0 71.0 51.0 468.582 40.0 10.0 400.0
svg/svg/g_12/text_30                     9 1.0 0.0 0.0 0.0 0.0 0.0 0.0 1.0 0.0 12.12 502.043 512.043 31.0 71.0 51.0 507.043 40.0 10.0 400.0
svg/svg/g_13/path_189                    2 1.0 0.0 0.0 0.0 0.0 0.0 0.0 1.0 0.0 13.0 0.0 0.0 -4.0 0.0 -2.0 0.0 4.0 0.0 0.0
svg/svg/g_13/path_190                    2 1.0 0.0 0.0 0.0 0.0 0.0 0.0 1.0 0.0 13.1 0.0 0.0 -4.0 0.0 -2.0 0.0 4.0 0.0 0.0
svg/svg/g_13/path_191                    2 1.0 0.0 0.0 0.0 0.0 0.0 0.0 1.0 0.0 13.2 0.0 0.0 -4.0 0.0 -2.0 0.0 4.0 0.0 0.0
svg/svg/g_13/path_192                    2 1.0 0.0 0.0 0.0 0.0 0.0 0.0 1.0 0.0 13.3 0.0 0.0 -4.0 0.0 -2.0 0.0 4.0 0.0 0.0
svg/svg/g_13/path_193                    2 1.0 0.0 0.0 0.0 0.0 0.0 0.0 1.0 0.0 13.4 0.0 0.0 -4.0 0.0 -2.0 0.0 4.0 0.0 0.0
svg/svg/g_13/path_194                    2 1.0 0.0 0.0 0.0 0.0 0.0 0.0 1.0 0.0 13.5 0.0 0.0 -4.0 0.0 -2.0 0.0 4.0 0.0 0.0
svg/svg/g_13/path_195                    2 1.0 0.0 0.0 0.0 0.0 0.0 0.0 1.0 0.0 13.6 0.0 0.0 -4.0 0.0 -2.0 0.0 4.0 0.0 0.0
svg/svg/g_13/path_196                    2 1.0 0.0 0.0 0.0 0.0 0.0 0.0 1.0 0.0 13.7 0.0 0.0 -4.0 0.0 -2.0 0.0 4.0 0.0 0.0
svg/svg/g_13/path_197                    2 1.0 0.0 0.0 0.0 0.0 0.0 0.0 1.0 0.0 13.8 0.0 0.0 -4.0 0.0 -2.0 0.0 4.0 0.0 0.0
svg/svg/g_13/path_198                    2 1.0 0.0 0.0 0.0 0.0 0.0 0.0 1.0 0.0 13.9 0.0 0.0 -4.0 0.0 -2.0 0.0 4.0 0.0 0.0
svg/svg/g_13/path_199                    2 1.0 0.0 0.0 0.0 0.0 0.0 0.0 1.0 0.0 13.1 0.0 0.0 -4.0 0.0 -2.0 0.0 4.0 0.0 0.0
svg/svg/g_13/path_200                    2 1.0 0.0 0.0 0.0 0.0 0.0 0.0 1.0 0.0 13.11 0.0 0.0 -4.0 0.0 -2.0 0.0 4.0 0.0 0.0
svg/svg/g_13/path_201                    2 1.0 0.0 0.0 0.0 0.0 0.0 0.0 1.0 0.0 13.12 0.0 0.0 -4.0 0.0 -2.0 0.0 4.0 0.0 0.0
svg/svg/g_14/line                        6 1.0 0.0 0.0 0.0 0.0 0.0 0.0 1.0 0.0 14.0 35.385 35.385 40.0 620.0 330.0 35.385 580.0 0.0 0.0
svg/svg/g_14/line_1                      6 1.0 0.0 0.0 0.0 0.0 0.0 0.0 1.0 0.0 14.1 73.846 73.846 40.0 620.0 330.0 73.846 580.0 0.0 0.0
svg/svg/g_14/line_2                      6 1.0 0.0 0.0 0.0 0.0 0.0 0.0 1.0 0.0 14.2 112.308 112.308 40.0 620.0 330.0 112.308 580.0 0.0 0.0
svg/svg/g_14/line_3                      6 1.0 0.0 0.0 0.0 0.0 0.0 0.0 1.0 0.0 14.3 150.769 150.769 40.0 620.0 330.0 150.769 580.0 0.0 0.0
svg/svg/g_14/line_4                      6 1.0 0.0 0.0 0.0 0.0 0.0 0.0 1.0 0.0 14.4 189.231 189.231 40.0 620.0 330.0 189.231 580.0 0.0 0.0
svg/svg/g_14/line_5                      6 1.0 0.0 0.0 0.0 0.0 0.0 0.0 1.0 0.0 14.5 227.692 227.692 40.0 620.0 330.0 227.692 580.0 0.0 0.0
svg/svg/g_14/line_6                      6 1.0 0.0 0.0 0.0 0.0 0.0 0.0 1.0 0.0 14.6 266.154 266.154 40.0 620.0 330.0 266.154 580.0 0.0 0.0
svg/svg/g_14/line_7                      6 1.0 0.0 0.0 0.0 0.0 0.0 0.0 1.0 0.0 14.7 304.615 304.615 40.0 620.0 330.0 304.615 580.0 0.0 0.0
svg/svg/g_14/line_8                      6 1.0 0.0 0.0 0.0 0.0 0.0 0.0 1.0 0.0 14.8 343.077 343.077 40.0 620.0 330.0 343.077 580.0 0.0 0.0
svg/svg/g_14/line_9                      6 1.0 0.0 0.0 0.0 0.0 0.0 0.0 1.0 0.0 14.9 381.538 381.538 40.0 620.0 330.0 381.538 580.0 0.0 0.0
svg/svg/g_14/line_10                     6 1.0 0.0 0.0 0.0 0.0 0.0 0.0 1.0 0.0 14.1 420.0 420.0 40.0 620.0 330.0 420.0 580.0 0.0 0.0
svg/svg/g_14/line_11                     6 1.0 0.0 0.0 0.0 0.0 0.0 0.0 1.0 0.0 14.11 458.462 458.462 40.0 620.0 330.0 458.462 580.0 0.0 0.0
svg/svg/g_14/line_12                     6 1.0 0.0 0.0 0.0 0.0 0.0 0.0 1.0 0.0 14.12 496.923 496.923 40.0 620.0 330.0 496.923 580.0 0.0 0.0
