svg/svg/g/a                              24 1.0 0.0 0.0 0.0 0.0 0.0 0.0 1.0 0.0 0.0 210.0 420.0 320.0 640.0 480.0 315.0 320.0 210.0 67200.0
svg/svg/g/a/text                         9 1.0 0.0 0.0 0.0 0.0 0.0 0.0 1.0 0.0 0.0 3930.0 3940.0 0.0 40.0 20.0 3935.0 40.0 10.0 400.0
svg/svg/g/text_1                         9 1.0 0.0 0.0 0.0 0.0 0.0 0.0 1.0 0.0 0.1 3920.0 3930.0 0.0 40.0 20.0 3925.0 40.0 10.0 400.0
svg/svg/g_2/path                         2 1.0 0.0 0.0 0.0 0.0 0.0 0.0 1.5 0.0 2.0 144.59 369.85 40.0 620.0 330.0 257.22 580.0 225.26 130650.8
svg/svg/g_3/text_2                       9 1.0 0.0 0.0 0.0 36.0 100.0 96.078 8.0 0.0 3.0 45.12 55.12 60.0 100.0 80.0 50.12 40.0 10.0 400.0
svg/svg/g_3/text_3                       9 1.0 0.0 0.0 0.0 36.0 100.0 96.078 8.0 0.0 3.1 122.043 132.043 60.0 100.0 80.0 127.043 40.0 10.0 400.0
svg/svg/g_4/line                         6 1.0 0.0 0.0 0.0 0.0 0.0 0.0 1.0 0.0 4.0 40.0 40.0 40.0 620.0 330.0 40.0 580.0 0.0 0.0
svg/svg/g_4/line_1                       6 1.0 0.0 0.0 0.0 0.0 0.0 0.0 1.0 0.0 4.1 116.923 116.923 40.0 620.0 330.0 116.923 580.0 0.0 0.0
svg/svg/g_5/circle                       4 1.0 0.0 0.0 0.0 16.114 100.0 65.686 1.0 0.0 5.0 151.538 155.538 618.0 622.0 620.0 153.538 4.0 4.0 16.0
svg/svg/g_5/circle_1                     4 1.0 0.0 0.0 0.0 16.114 100.0 65.686 1.0 0.0 5.1 158.0 162.0 614.63 618.63 616.63 160.0 4.0 4.0 16.0
svg/svg/g_5/circle_2                     4 1.0 0.0 0.0 0.0 16.114 100.0 65.686 1.0 0.0 5.2 134.308 138.308 611.251 615.251 613.251 136.308 4.0 4.0 16.0
svg/svg/g_5/circle_3                     4 1.0 0.0 0.0 0.0 16.114 100.0 65.686 1.0 0.0 5.3 138.308 142.308 607.881 611.881 609.881 140.308 4.0 4.0 16.0
svg/svg/g_5/circle_4                     4 1.0 0.0 0.0 0.0 16.114 100.0 65.686 1.0 0.0 5.4 159.538 163.538 604.511 608.511 606.511 161.538 4.0 4.0 16.0
svg/svg/g_5/circle_5                     4 1.0 0.0 0.0 0.0 16.114 100.0 65.686 1.0 0.0 5.5 147.846 151.846 601.142 605.142 603.142 149.846 4.0 4.0 16.0
svg/svg/g_5/circle_6                     4 1.0 0.0 0.0 0.0 16.114 100.0 65.686 1.0 0.0 5.6 132.923 136.923 597.763 601.763 599.763 134.923 4.0 4.0 16.0
svg/svg/g_5/circle_7                     4 1.0 0.0 0.0 0.0 16.114 100.0 65.686 1.0 0.0 5.7 154.154 158.154 594.393 598.393 596.393 156.154 4.0 4.0 16.0
svg/svg/g_5/circle_8                     4 1.0 0.0 0.0 0.0 16.114 100.0 65.686 1.0 0.0 5.8 176.308 180.308 591.023 595.023 593.023 178.308 4.0 4.0 16.0
svg/svg/g_5/circle_9                     4 1.0 0.0 0.0 0.0 16.114 100.0 65.686 1.0 0.0 5.9 187.231 191.231 587.653 591.653 589.653 189.231 4.0 4.0 16.0
svg/svg/g_5/circle_10                    4 1.0 0.0 0.0 0.0 16.114 100.0 65.686 1.0 0.0 5.1 190.154 194.154 584.274 588.274 586.274 192.154 4.0 4.0 16.0
svg/svg/g_5/circle_11                    4 1.0 0.0 0.0 0.0 16.114 100.0 65.686 1.0 0.0 5.11 193.077 197.077 580.904 584.904 582.904 195.077 4.0 4.0 16.0
svg/svg/g_5/circle_12                    4 1.0 0.0 0.0 0.0 16.114 100.0 65.686 1.0 0.0 5.12 176.308 180.308 577.534 581.534 579.534 178.308 4.0 4.0 16.0
svg/svg/g_5/circle_13                    4 1.0 0.0 0.0 0.0 16.114 100.0 65.686 1.0 0.0 5.13 186.923 190.923 574.164 578.164 576.164 188.923 4.0 4.0 16.0
svg/svg/g_5/circle_14                    4 1.0 0.0 0.0 0.0 16.114 100.0 65.686 1.0 0.0 5.14 207.538 211.538 570.785 574.785 572.785 209.538 4.0 4.0 16.0
svg/svg/g_5/circle_15                    4 1.0 0.0 0.0 0.0 16.114 100.0 65.686 1.0 0.0 5.15 188.154 192.154 567.415 571.415 569.415 190.154 4.0 4.0 16.0
svg/svg/g_5/circle_16                    4 1.0 0.0 0.0 0.0 16.114 100.0 65.686 1.0 0.0 5.16 190.154 194.154 564.046 568.046 566.046 192.154 4.0 4.0 16.0
svg/svg/g_5/circle_17                    4 1.0 0.0 0.0 0.0 16.114 100.0 65.686 1.0 0.0 5.17 182.462 186.462 560.676 564.676 562.676 184.462 4.0 4.0 16.0
svg/svg/g_5/circle_18                    4 1.0 0.0 0.0 0.0 16.114 100.0 65.686 1.0 0.0 5.18 208.154 212.154 557.297 561.297 559.297 210.154 4.0 4.0 16.0
svg/svg/g_5/circle_19                    4 1.0 0.0 0.0 0.0 16.114 100.0 65.686 1.0 0.0 5.19 194.615 198.615 553.927 557.927 555.927 196.615 4.0 4.0 16.0
svg/svg/g_5/circle_20                    4 1.0 0.0 0.0 0.0 16.114 100.0 65.686 1.0 0.0 5.2 191.846 195.846 550.557 554.557 552.557 193.846 4.0 4.0 16.0
svg/svg/g_5/circle_21                    4 1.0 0.0 0.0 0.0 16.114 100.0 65.686 1.0 0.0 5.21 206.308 210.308 547.187 551.187 549.187 208.308 4.0 4.0 16.0
svg/svg/g_5/circle_22                    4 1.0 0.0 0.0 0.0 16.114 100.0 65.686 1.0 0.0 5.22 226.923 230.923 543.808 547.808 545.808 228.923 4.0 4.0 16.0
svg/svg/g_5/circle_23                    4 1.0 0.0 0.0 0.0 16.114 100.0 65.686 1.0 0.0 5.23 227.077 231.077 540.438 544.438 542.438 229.077 4.0 4.0 16.0
svg/svg/g_5/circle_24                    4 1.0 0.0 0.0 0.0 16.114 100.0 65.686 1.0 0.0 5.24 189.846 193.846 537.068 541.068 539.068 191.846 4.0 4.0 16.0
svg/svg/g_5/circle_25                    4 1.0 0.0 0.0 0.0 16.114 100.0 65.686 1.0 0.0 5.25 213.077 217.077 533.699 537.699 535.699 215.077 4.0 4.0 16.0
svg/svg/g_5/circle_26                    4 1.0 0.0 0.0 0.0 16.114 100.0 65.686 1.0 0.0 5.26 234.462 238.462 530.32 534.32 532.32 236.462 4.0 4.0 16.0
svg/svg/g_5/circle_27                    4 1.0 0.0 0.0 0.0 16.114 100.0 65.686 1.0 0.0 5.27 217.538 221.538 526.95 530.95 528.95 219.538 4.0 4.0 16.0
svg/svg/g_5/circle_28                    4 1.0 0.0 0.0 0.0 16.114 100.0 65.686 1.0 0.0 5.28 241.846 245.846 523.58 527.58 525.58 243.846 4.0 4.0 16.0
svg/svg/g_5/circle_29                    4 1.0 0.0 0.0 0.0 16.114 100.0 65.686 1.0 0.0 5.29 249.385 253.385 520.21 524.21 522.21 251.385 4.0 4.0 16.0
svg/svg/g_5/circle_30                    4 1.0 0.0 0.0 0.0 16.114 100.0 65.686 1.0 0.0 5.3 258.308 262.308 516.831 520.831 518.831 260.308 4.0 4.0 16.0
svg/svg/g_5/circle_31                    4 1.0 0.0 0.0 0.0 16.114 100.0 65.686 1.0 0.0 5.31 226.154 230.154 513.461 517.461 515.461 228.154 4.0 4.0 16.0
svg/svg/g_5/circle_32                    4 1.0 0.0 0.0 0.0 16.114 100.0 65.686 1.0 0.0 5.32 224.308 228.308 510.091 514.091 512.091 226.308 4.0 4.0 16.0
svg/svg/g_5/circle_33                    4 1.0 0.0 0.0 0.0 16.114 100.0 65.686 1.0 0.0 5.33 253.077 257.077 506.721 510.721 508.721 255.077 4.0 4.0 16.0
svg/svg/g_5/circle_34                    4 1.0 0.0 0.0 0.0 16.114 100.0 65.686 1.0 0.0 5.34 235.538 239.538 503.342 507.342 505.342 237.538 4.0 4.0 16.0
svg/svg/g_5/circle_35                    4 1.0 0.0 0.0 0.0 16.114 100.0 65.686 1.0 0.0 5.35 242.308 246.308 499.973 503.973 501.973 244.308 4.0 4.0 16.0
svg/svg/g_5/circle_36                    4 1.0 0.0 0.0 0.0 16.114 100.0 65.686 1.0 0.0 5.36 263.846 267.846 496.603 500.603 498.603 265.846 4.0 4.0 16.0
svg/svg/g_5/circle_37                    4 1.0 0.0 0.0 0.0 16.114 100.0 65.686 1.0 0.0 5.37 272.0 276.0 493.233 497.233 495.233 274.0 4.0 4.0 16.0
svg/svg/g_5/circle_38                    4 1.0 0.0 0.0 0.0 16.114 100.0 65.686 1.0 0.0 5.38 271.538 275.538 489.854 493.854 491.854 273.538 4.0 4.0 16.0
svg/svg/g_5/circle_39                    4 1.0 0.0 0.0 0.0 16.114 100.0 65.686 1.0 0.0 5.39 245.692 249.692 486.484 490.484 488.484 247.692 4.0 4.0 16.0
svg/svg/g_5/circle_40                    4 1.0 0.0 0.0 0.0 16.114 100.0 65.686 1.0 0.0 5.4 273.538 277.538 483.114 487.114 485.114 275.538 4.0 4.0 16.0
svg/svg/g_5/circle_41                    4 1.0 0.0 0.0 0.0 16.114 100.0 65.686 1.0 0.0 5.41 240.308 244.308 479.744 483.744 481.744 242.308 4.0 4.0 16.0
svg/svg/g_5/circle_42                    4 1.0 0.0 0.0 0.0 16.114 100.0 65.686 1.0 0.0 5.42 248.154 252.154 476.365 480.365 478.365 250.154 4.0 4.0 16.0
svg/svg/g_5/circle_43                    4 1.0 0.0 0.0 0.0 16.114 100.0 65.686 1.0 0.0 5.43 266.923 270.923 472.995 476.995 474.995 268.923 4.0 4.0 16.0
svg/svg/g_5/circle_44                    4 1.0 0.0 0.0 0.0 16.114 100.0 65.686 1.0 0.0 5.44 278.615 282.615 469.626 473.626 471.626 280.615 4.0 4.0 16.0
svg/svg/g_5/circle_45                    4 1.0 0.0 0.0 0.0 16.114 100.0 65.686 1.0 0.0 5.45 259.385 263.385 466.256 470.256 468.256 261.385 4.0 4.0 16.0
svg/svg/g_5/circle_46                    4 1.0 0.0 0.0 0.0 16.114 100.0 65.686 1.0 0.0 5.46 310.154 314.154 462.877 466.877 464.877 312.154 4.0 4.0 16.0
svg/svg/g_5/circle_47                    4 1.0 0.0 0.0 0.0 16.114 100.0 65.686 1.0 0.0 5.47 295.231 299.231 459.507 463.507 461.507 297.231 4.0 4.0 16.0
svg/svg/g_5/circle_48                    4 1.0 0.0 0.0 0.0 16.114 100.0 65.686 1.0 0.0 5.48 305.231 309.231 456.137 460.137 458.137 307.231 4.0 4.0 16.0
svg/svg/g_5/circle_49                    4 1.0 0.0 0.0 0.0 16.114 100.0 65.686 1.0 0.0 5.49 273.538 277.538 452.767 456.767 454.767 275.538 4.0 4.0 16.0
svg/svg/g_5/circle_50                    4 1.0 0.0 0.0 0.0 16.114 100.0 65.686 1.0 0.0 5.5 294.308 298.308 449.388 453.388 451.388 296.308 4.0 4.0 16.0
svg/svg/g_5/circle_51                    4 1.0 0.0 0.0 0.0 16.114 100.0 65.686 1.0 0.0 5.51 311.231 315.231 446.018 450.018 448.018 313.231 4.0 4.0 16.0
svg/svg/g_5/circle_52                    4 1.0 0.0 0.0 0.0 16.114 100.0 65.686 1.0 0.0 5.52 293.077 297.077 442.648 446.648 444.648 295.077 4.0 4.0 16.0
svg/svg/g_5/circle_53                    4 1.0 0.0 0.0 0.0 16.114 100.0 65.686 1.0 0.0 5.53 285.692 289.692 439.279 443.279 441.279 287.692 4.0 4.0 16.0
svg/svg/g_5/circle_54                    4 1.0 0.0 0.0 0.0 16.114 100.0 65.686 1.0 0.0 5.54 308.769 312.769 435.899 439.899 437.899 310.769 4.0 4.0 16.0
svg/svg/g_5/circle_55                    4 1.0 0.0 0.0 0.0 16.114 100.0 65.686 1.0 0.0 5.55 297.077 301.077 432.53 436.53 434.53 299.077 4.0 4.0 16.0
svg/svg/g_5/circle_56                    4 1.0 0.0 0.0 0.0 16.114 100.0 65.686 1.0 0.0 5.56 302.0 306.0 429.16 433.16 431.16 304.0 4.0 4.0 16.0
svg/svg/g_5/circle_57                    4 1.0 0.0 0.0 0.0 16.114 100.0 65.686 1.0 0.0 5.57 311.077 315.077 425.79 429.79 427.79 313.077 4.0 4.0 16.0
svg/svg/g_5/circle_58                    4 1.0 0.0 0.0 0.0 16.114 100.0 65.686 1.0 0.0 5.58 329.846 333.846 422.411 426.411 424.411 331.846 4.0 4.0 16.0
svg/svg/g_5/circle_59                    4 1.0 0.0 0.0 0.0 16.114 100.0 65.686 1.0 0.0 5.59 288.769 292.769 419.041 423.041 421.041 290.769 4.0 4.0 16.0
svg/svg/g_5/circle_60                    4 1.0 0.0 0.0 0.0 16.114 100.0 65.686 1.0 0.0 5.6 295.385 299.385 415.671 419.671 417.671 297.385 4.0 4.0 16.0
svg/svg/g_5/circle_61                    4 1.0 0.0 0.0 0.0 16.114 100.0 65.686 1.0 0.0 5.61 286.308 290.308 412.301 416.301 414.301 288.308 4.0 4.0 16.0
svg/svg/g_5/circle_62                    4 1.0 0.0 0.0 0.0 16.114 100.0 65.686 1.0 0.0 5.62 298.0 302.0 408.922 412.922 410.922 300.0 4.0 4.0 16.0
svg/svg/g_5/circle_63                    4 1.0 0.0 0.0 0.0 16.114 100.0 65.686 1.0 0.0 5.63 289.231 293.231 405.552 409.552 407.552 291.231 4.0 4.0 16.0
svg/svg/g_5/circle_64                    4 1.0 0.0 0.0 0.0 16.114 100.0 65.686 1.0 0.0 5.64 286.462 290.462 402.183 406.183 404.183 288.462 4.0 4.0 16.0
svg/svg/g_5/circle_65                    4 1.0 0.0 0.0 0.0 16.114 100.0 65.686 1.0 0.0 5.65 287.231 291.231 398.813 402.813 400.813 289.231 4.0 4.0 16.0
svg/svg/g_5/circle_66                    4 1.0 0.0 0.0 0.0 16.114 100.0 65.686 1.0 0.0 5.66 322.462 326.462 395.434 399.434 397.434 324.462 4.0 4.0 16.0
svg/svg/g_5/circle_67                    4 1.0 0.0 0.0 0.0 16.114 100.0 65.686 1.0 0.0 5.67 310.0 314.0 392.064 396.064 394.064 312.0 4.0 4.0 16.0
svg/svg/g_5/circle_68                    4 1.0 0.0 0.0 0.0 16.114 100.0 65.686 1.0 0.0 5.68 302.308 306.308 388.694 392.694 390.694 304.308 4.0 4.0 16.0
svg/svg/g_5/circle_69                    4 1.0 0.0 0.0 0.0 16.114 100.0 65.686 1.0 0.0 5.69 272.308 276.308 385.324 389.324 387.324 274.308 4.0 4.0 16.0
svg/svg/g_5/circle_70                    4 1.0 0.0 0.0 0.0 16.114 100.0 65.686 1.0 0.0 5.7 283.385 287.385 381.945 385.945 383.945 285.385 4.0 4.0 16.0
svg/svg/g_5/circle_71                    4 1.0 0.0 0.0 0.0 16.114 100.0 65.686 1.0 0.0 5.71 294.615 298.615 378.575 382.575 380.575 296.615 4.0 4.0 16.0
svg/svg/g_5/circle_72                    4 1.0 0.0 0.0 0.0 16.114 100.0 65.686 1.0 0.0 5.72 322.308 326.308 375.205 379.205 377.205 324.308 4.0 4.0 16.0
svg/svg/g_5/circle_73                    4 1.0 0.0 0.0 0.0 16.114 100.0 65.686 1.0 0.0 5.73 312.462 316.462 371.836 375.836 373.836 314.462 4.0 4.0 16.0
svg/svg/g_5/circle_74                    4 1.0 0.0 0.0 0.0 16.114 100.0 65.686 1.0 0.0 5.74 311.231 315.231 368.457 372.457 370.457 313.231 4.0 4.0 16.0
svg/svg/g_5/circle_75                    4 1.0 0.0 0.0 0.0 16.114 100.0 65.686 1.0 0.0 5.75 296.769 300.769 365.087 369.087 367.087 298.769 4.0 4.0 16.0
svg/svg/g_5/circle_76                    4 1.0 0.0 0.0 0.0 16.114 100.0 65.686 1.0 0.0 5.76 307.385 311.385 361.717 365.717 363.717 309.385 4.0 4.0 16.0
svg/svg/g_5/circle_77                    4 1.0 0.0 0.0 0.0 16.114 100.0 65.686 1.0 0.0 5.77 284.923 288.923 358.347 362.347 360.347 286.923 4.0 4.0 16.0
svg/svg/g_5/circle_78                    4 1.0 0.0 0.0 0.0 16.114 100.0 65.686 1.0 0.0 5.78 265.385 269.385 354.968 358.968 356.968 267.385 4.0 4.0 16.0
svg/svg/g_5/circle_79                    4 1.0 0.0 0.0 0.0 16.114 100.0 65.686 1.0 0.0 5.79 281.692 285.692 351.598 355.598 353.598 283.692 4.0 4.0 16.0
svg/svg/g_5/circle_80                    4 1.0 0.0 0.0 0.0 16.114 100.0 65.686 1.0 0.0 5.8 290.0 294.0 348.228 352.228 350.228 292.0 4.0 4.0 16.0
svg/svg/g_5/circle_81                    4 1.0 0.0 0.0 0.0 16.114 100.0 65.686 1.0 0.0 5.81 291.538 295.538 344.858 348.858 346.858 293.538 4.0 4.0 16.0
svg/svg/g_5/circle_82                    4 1.0 0.0 0.0 0.0 16.114 100.0 65.686 1.0 0.0 5.82 284.615 288.615 341.479 345.479 343.479 286.615 4.0 4.0 16.0
svg/svg/g_5/circle_83                    4 1.0 0.0 0.0 0.0 16.114 100.0 65.686 1.0 0.0 5.83 297.385 301.385 338.11 342.11 340.11 299.385 4.0 4.0 16.0
svg/svg/g_5/circle_84                    4 1.0 0.0 0.0 0.0 16.114 100.0 65.686 1.0 0.0 5.84 294.0 298.0 334.74 338.74 336.74 296.0 4.0 4.0 16.0
svg/svg/g_5/circle_85                    4 1.0 0.0 0.0 0.0 16.114 100.0 65.686 1.0 0.0 5.85 295.077 299.077 331.37 335.37 333.37 297.077 4.0 4.0 16.0
svg/svg/g_5/circle_86                    4 1.0 0.0 0.0 0.0 16.114 100.0 65.686 1.0 0.0 5.86 319.077 323.077 327.991 331.991 329.991 321.077 4.0 4.0 16.0
svg/svg/g_5/circle_87                    4 1.0 0.0 0.0 0.0 16.114 100.0 65.686 1.0 0.0 5.87 329.846 333.846 324.621 328.621 326.621 331.846 4.0 4.0 16.0
svg/svg/g_5/circle_88                    4 1.0 0.0 0.0 0.0 16.114 100.0 65.686 1.0 0.0 5.88 320.308 324.308 321.251 325.251 323.251 322.308 4.0 4.0 16.0
svg/svg/g_5/circle_89                    4 1.0 0.0 0.0 0.0 16.114 100.0 65.686 1.0 0.0 5.89 343.231 347.231 317.881 321.881 319.881 345.231 4.0 4.0 16.0
svg/svg/g_5/circle_90                    4 1.0 0.0 0.0 0.0 16.114 100.0 65.686 1.0 0.0 5.9 313.385 317.385 314.502 318.502 316.502 315.385 4.0 4.0 16.0
svg/svg/g_5/circle_91                    4 1.0 0.0 0.0 0.0 16.114 100.0 65.686 1.0 0.0 5.91 306.923 310.923 311.132 315.132 313.132 308.923 4.0 4.0 16.0
svg/svg/g_5/circle_92                    4 1.0 0.0 0.0 0.0 16.114 100.0 65.686 1.0 0.0 5.92 316.154 320.154 307.763 311.763 309.763 318.154 4.0 4.0 16.0
svg/svg/g_5/circle_93                    4 1.0 0.0 0.0 0.0 16.114 100.0 65.686 1.0 0.0 5.93 351.692 355.692 304.393 308.393 306.393 353.692 4.0 4.0 16.0
svg/svg/g_5/circle_94                    4 1.0 0.0 0.0 0.0 16.114 100.0 65.686 1.0 0.0 5.94 323.692 327.692 301.014 305.014 303.014 325.692 4.0 4.0 16.0
svg/svg/g_5/circle_95                    4 1.0 0.0 0.0 0.0 16.114 100.0 65.686 1.0 0.0 5.95 325.231 329.231 297.644 301.644 299.644 327.231 4.0 4.0 16.0
svg/svg/g_5/circle_96                    4 1.0 0.0 0.0 0.0 16.114 100.0 65.686 1.0 0.0 5.96 307.077 311.077 294.274 298.274 296.274 309.077 4.0 4.0 16.0
svg/svg/g_5/circle_97                    4 1.0 0.0 0.0 0.0 16.114 100.0 65.686 1.0 0.0 5.97 327.846 331.846 290.904 294.904 292.904 329.846 4.0 4.0 16.0
svg/svg/g_5/circle_98                    4 1.0 0.0 0.0 0.0 16.114 100.0 65.686 1.0 0.0 5.98 334.308 338.308 287.525 291.525 289.525 336.308 4.0 4.0 16.0
svg/svg/g_5/circle_99                    4 1.0 0.0 0.0 0.0 16.114 100.0 65.686 1.0 0.0 5.99 332.923 336.923 284.155 288.155 286.155 334.923 4.0 4.0 16.0
svg/svg/g_5/circle_100                   4 1.0 0.0 0.0 0.0 16.114 100.0 65.686 1.0 0.0 5.1 338.154 342.154 280.785 284.785 282.785 340.154 4.0 4.0 16.0
svg/svg/g_5/circle_101                   4 1.0 0.0 0.0 0.0 16.114 100.0 65.686 1.0 0.0 5.101 324.769 328.769 277.415 281.415 279.415 326.769 4.0 4.0 16.0
svg/svg/g_5/circle_102                   4 1.0 0.0 0.0 0.0 16.114 100.0 65.686 1.0 0.0 5.102 333.385 337.385 274.036 278.036 276.036 335.385 4.0 4.0 16.0
svg/svg/g_5/circle_103                   4 1.0 0.0 0.0 0.0 16.114 100.0 65.686 1.0 0.0 5.103 342.308 346.308 270.667 274.667 272.667 344.308 4.0 4.0 16.0
svg/svg/g_5/circle_104                   4 1.0 0.0 0.0 0.0 16.114 100.0 65.686 1.0 0.0 5.104 352.615 356.615 267.297 271.297 269.297 354.615 4.0 4.0 16.0
svg/svg/g_5/circle_105                   4 1.0 0.0 0.0 0.0 16.114 100.0 65.686 1.0 0.0 5.105 377.538 381.538 263.927 267.927 265.927 379.538 4.0 4.0 16.0
svg/svg/g_5/circle_106                   4 1.0 0.0 0.0 0.0 16.114 100.0 65.686 1.0 0.0 5.106 354.769 358.769 260.548 264.548 262.548 356.769 4.0 4.0 16.0
svg/svg/g_5/circle_107                   4 1.0 0.0 0.0 0.0 16.114 100.0 65.686 1.0 0.0 5.107 318.0 322.0 257.178 261.178 259.178 320.0 4.0 4.0 16.0
svg/svg/g_5/circle_108                   4 1.0 0.0 0.0 0.0 16.114 100.0 65.686 1.0 0.0 5.108 326.308 330.308 253.808 257.808 255.808 328.308 4.0 4.0 16.0
svg/svg/g_5/circle_109                   4 1.0 0.0 0.0 0.0 16.114 100.0 65.686 1.0 0.0 5.109 354.923 358.923 250.438 254.438 252.438 356.923 4.0 4.0 16.0
svg/svg/g_5/circle_110                   4 1.0 0.0 0.0 0.0 16.114 100.0 65.686 1.0 0.0 5.11 359.538 363.538 247.059 251.059 249.059 361.538 4.0 4.0 16.0
svg/svg/g_5/circle_111                   4 1.0 0.0 0.0 0.0 16.114 100.0 65.686 1.0 0.0 5.111 369.846 373.846 243.689 247.689 245.689 371.846 4.0 4.0 16.0
svg/svg/g_5/circle_112                   4 1.0 0.0 0.0 0.0 16.114 100.0 65.686 1.0 0.0 5.112 367.692 371.692 240.32 244.32 242.32 369.692 4.0 4.0 16.0
svg/svg/g_5/circle_113                   4 1.0 0.0 0.0 0.0 16.114 100.0 65.686 1.0 0.0 5.113 374.0 378.0 236.95 240.95 238.95 376.0 4.0 4.0 16.0
svg/svg/g_5/circle_114                   4 1.0 0.0 0.0 0.0 16.114 100.0 65.686 1.0 0.0 5.114 364.154 368.154 233.571 237.571 235.571 366.154 4.0 4.0 16.0
svg/svg/g_5/circle_115                   4 1.0 0.0 0.0 0.0 16.114 100.0 65.686 1.0 0.0 5.115 361.077 365.077 230.201 234.201 232.201 363.077 4.0 4.0 16.0
svg/svg/g_5/circle_116                   4 1.0 0.0 0.0 0.0 16.114 100.0 65.686 1.0 0.0 5.116 334.923 338.923 226.831 230.831 228.831 336.923 4.0 4.0 16.0
svg/svg/g_5/circle_117                   4 1.0 0.0 0.0 0.0 16.114 100.0 65.686 1.0 0.0 5.117 348.154 352.154 223.461 227.461 225.461 350.154 4.0 4.0 16.0
svg/svg/g_5/circle_118                   4 1.0 0.0 0.0 0.0 16.114 100.0 65.686 1.0 0.0 5.118 375.846 379.846 220.082 224.082 222.082 377.846 4.0 4.0 16.0
svg/svg/g_5/circle_119                   4 1.0 0.0 0.0 0.0 16.114 100.0 65.686 1.0 0.0 5.119 367.077 371.077 216.712 220.712 218.712 369.077 4.0 4.0 16.0
svg/svg/g_5/circle_120                   4 1.0 0.0 0.0 0.0 16.114 100.0 65.686 1.0 0.0 5.12 351.846 355.846 213.342 217.342 215.342 353.846 4.0 4.0 16.0
svg/svg/g_5/circle_121                   4 1.0 0.0 0.0 0.0 16.114 100.0 65.686 1.0 0.0 5.121 327.231 331.231 209.973 213.973 211.973 329.231 4.0 4.0 16.0
svg/svg/g_5/circle_122                   4 1.0 0.0 0.0 0.0 16.114 100.0 65.686 1.0 0.0 5.122 315.538 319.538 206.603 210.603 208.603 317.538 4.0 4.0 16.0
svg/svg/g_5/circle_123                   4 1.0 0.0 0.0 0.0 16.114 100.0 65.686 1.0 0.0 5.123 331.846 335.846 203.233 207.233 205.233 333.846 4.0 4.0 16.0
svg/svg/g_5/circle_124                   4 1.0 0.0 0.0 0.0 16.114 100.0 65.686 1.0 0.0 5.124 357.846 361.846 199.863 203.863 201.863 359.846 4.0 4.0 16.0
svg/svg/g_5/circle_125                   4 1.0 0.0 0.0 0.0 16.114 100.0 65.686 1.0 0.0 5.125 326.0 330.0 196.493 200.493 198.493 328.0 4.0 4.0 16.0
svg/svg/g_5/circle_126                   4 1.0 0.0 0.0 0.0 16.114 100.0 65.686 1.0 0.0 5.126 328.462 332.462 193.114 197.114 195.114 330.462 4.0 4.0 16.0
svg/svg/g_5/circle_127                   4 1.0 0.0 0.0 0.0 16.114 100.0 65.686 1.0 0.0 5.127 342.0 346.0 189.744 193.744 191.744 344.0 4.0 4.0 16.0
svg/svg/g_5/circle_128                   4 1.0 0.0 0.0 0.0 16.114 100.0 65.686 1.0 0.0 5.128 353.538 357.538 186.374 190.374 188.374 355.538 4.0 4.0 16.0
svg/svg/g_5/circle_129                   4 1.0 0.0 0.0 0.0 16.114 100.0 65.686 1.0 0.0 5.129 355.077 359.077 183.005 187.005 185.005 357.077 4.0 4.0 16.0
svg/svg/g_5/circle_130                   4 1.0 0.0 0.0 0.0 16.114 100.0 65.686 1.0 0.0 5.13 358.308 362.308 179.626 183.626 181.626 360.308 4.0 4.0 16.0
svg/svg/g_5/circle_131                   4 1.0 0.0 0.0 0.0 16.114 100.0 65.686 1.0 0.0 5.131 348.769 352.769 176.256 180.256 178.256 350.769 4.0 4.0 16.0
svg/svg/g_5/circle_132                   4 1.0 0.0 0.0 0.0 16.114 100.0 65.686 1.0 0.0 5.132 367.385 371.385 172.886 176.886 174.886 369.385 4.0 4.0 16.0
svg/svg/g_5/circle_133                   4 1.0 0.0 0.0 0.0 16.114 100.0 65.686 1.0 0.0 5.133 322.154 326.154 169.516 173.516 171.516 324.154 4.0 4.0 16.0
svg/svg/g_5/circle_134                   4 1.0 0.0 0.0 0.0 16.114 100.0 65.686 1.0 0.0 5.134 341.692 345.692 166.137 170.137 168.137 343.692 4.0 4.0 16.0
svg/svg/g_5/circle_135                   4 1.0 0.0 0.0 0.0 16.114 100.0 65.686 1.0 0.0 5.135 372.923 376.923 162.767 166.767 164.767 374.923 4.0 4.0 16.0
svg/svg/g_5/circle_136                   4 1.0 0.0 0.0 0.0 16.114 100.0 65.686 1.0 0.0 5.136 367.692 371.692 159.397 163.397 161.397 369.692 4.0 4.0 16.0
svg/svg/g_5/circle_137                   4 1.0 0.0 0.0 0.0 16.114 100.0 65.686 1.0 0.0 5.137 363.385 367.385 156.027 160.027 158.027 365.385 4.0 4.0 16.0
svg/svg/g_5/circle_138                   4 1.0 0.0 0.0 0.0 16.114 100.0 65.686 1.0 0.0 5.138 369.692 373.692 152.648 156.648 154.648 371.692 4.0 4.0 16.0
svg/svg/g_5/circle_139                   4 1.0 0.0 0.0 0.0 16.114 100.0 65.686 1.0 0.0 5.139 343.385 347.385 149.279 153.279 151.279 345.385 4.0 4.0 16.0
svg/svg/g_5/circle_140                   4 1.0 0.0 0.0 0.0 16.114 100.0 65.686 1.0 0.0 5.14 335.077 339.077 145.909 149.909 147.909 337.077 4.0 4.0 16.0
svg/svg/g_5/circle_141                   4 1.0 0.0 0.0 0.0 16.114 100.0 65.686 1.0 0.0 5.141 326.923 330.923 142.539 146.539 144.539 328.923 4.0 4.0 16.0
svg/svg/g_5/circle_142                   4 1.0 0.0 0.0 0.0 16.114 100.0 65.686 1.0 0.0 5.142 344.615 348.615 139.16 143.16 141.16 346.615 4.0 4.0 16.0
svg/svg/g_5/circle_143                   4 1.0 0.0 0.0 0.0 16.114 100.0 65.686 1.0 0.0 5.143 332.462 336.462 135.79 139.79 137.79 334.462 4.0 4.0 16.0
svg/svg/g_5/circle_144                   4 1.0 0.0 0.0 0.0 16.114 100.0 65.686 1.0 0.0 5.144 279.692 283.692 132.42 136.42 134.42 281.692 4.0 4.0 16.0
svg/svg/g_5/circle_145                   4 1.0 0.0 0.0 0.0 16.114 100.0 65.686 1.0 0.0 5.145 292.462 296.462 129.05 133.05 131.05 294.462 4.0 4.0 16.0
svg/svg/g_5/circle_146                   4 1.0 0.0 0.0 0.0 16.114 100.0 65.686 1.0 0.0 5.146 351.846 355.846 125.671 129.671 127.671 353.846 4.0 4.0 16.0
svg/svg/g_5/circle_147                   4 1.0 0.0 0.0 0.0 16.114 100.0 65.686 1.0 0.0 5.147 351.077 355.077 122.301 126.301 124.301 353.077 4.0 4.0 16.0
svg/svg/g_5/circle_148                   4 1.0 0.0 0.0 0.0 16.114 100.0 65.686 1.0 0.0 5.148 345.846 349.846 118.932 122.932 120.932 347.846 4.0 4.0 16.0
svg/svg/g_5/circle_149                   4 1.0 0.0 0.0 0.0 16.114 100.0 65.686 1.0 0.0 5.149 338.462 342.462 115.562 119.562 117.562 340.462 4.0 4.0 16.0
svg/svg/g_5/circle_150                   4 1.0 0.0 0.0 0.0 16.114 100.0 65.686 1.0 0.0 5.15 344.0 348.0 112.183 116.183 114.183 346.0 4.0 4.0 16.0
svg/svg/g_5/circle_151                   4 1.0 0.0 0.0 0.0 16.114 100.0 65.686 1.0 0.0 5.151 349.077 353.077 108.813 112.813 110.813 351.077 4.0 4.0 16.0
svg/svg/g_5/circle_152                   4 1.0 0.0 0.0 0.0 16.114 100.0 65.686 1.0 0.0 5.152 343.538 347.538 105.443 109.443 107.443 345.538 4.0 4.0 16.0
svg/svg/g_5/circle_153                   4 1.0 0.0 0.0 0.0 16.114 100.0 65.686 1.0 0.0 5.153 332.462 336.462 102.073 106.073 104.073 334.462 4.0 4.0 16.0
svg/svg/g_5/circle_154                   4 1.0 0.0 0.0 0.0 16.114 100.0 65.686 1.0 0.0 5.154 332.615 336.615 98.694 102.694 100.694 334.615 4.0 4.0 16.0
svg/svg/g_5/circle_155                   4 1.0 0.0 0.0 0.0 16.114 100.0 65.686 1.0 0.0 5.155 327.077 331.077 95.324 99.324 97.324 329.077 4.0 4.0 16.0
svg/svg/g_5/circle_156                   4 1.0 0.0 0.0 0.0 16.114 100.0 65.686 1.0 0.0 5.156 334.0 338.0 91.954 95.954 93.954 336.0 4.0 4.0 16.0
svg/svg/g_5/circle_157                   4 1.0 0.0 0.0 0.0 16.114 100.0 65.686 1.0 0.0 5.157 340.308 344.308 88.585 92.585 90.585 342.308 4.0 4.0 16.0
svg/svg/g_5/circle_158                   4 1.0 0.0 0.0 0.0 16.114 100.0 65.686 1.0 0.0 5.158 354.769 358.769 85.205 89.205 87.205 356.769 4.0 4.0 16.0
svg/svg/g_5/circle_159                   4 1.0 0.0 0.0 0.0 16.114 100.0 65.686 1.0 0.0 5.159 349.846 353.846 81.836 85.836 83.836 351.846 4.0 4.0 16.0
svg/svg/g_5/circle_160                   4 1.0 0.0 0.0 0.0 16.114 100.0 65.686 1.0 0.0 5.16 388.0 392.0 78.466 82.466 80.466 390.0 4.0 4.0 16.0
svg/svg/g_5/circle_161                   4 1.0 0.0 0.0 0.0 16.114 100.0 65.686 1.0 0.0 5.161 371.077 375.077 75.096 79.096 77.096 373.077 4.0 4.0 16.0
svg/svg/g_5/circle_162                   4 1.0 0.0 0.0 0.0 16.114 100.0 65.686 1.0 0.0 5.162 358.923 362.923 71.717 75.717 73.717 360.923 4.0 4.0 16.0
svg/svg/g_5/circle_163                   4 1.0 0.0 0.0 0.0 16.114 100.0 65.686 1.0 0.0 5.163 335.385 339.385 68.347 72.347 70.347 337.385 4.0 4.0 16.0
svg/svg/g_5/circle_164                   4 1.0 0.0 0.0 0.0 16.114 100.0 65.686 1.0 0.0 5.164 352.923 356.923 64.977 68.977 66.977 354.923 4.0 4.0 16.0
svg/svg/g_5/circle_165                   4 1.0 0.0 0.0 0.0 16.114 100.0 65.686 1.0 0.0 5.165 384.615 388.615 61.607 65.607 63.607 386.615 4.0 4.0 16.0
svg/svg/g_5/circle_166                   4 1.0 0.0 0.0 0.0 16.114 100.0 65.686 1.0 0.0 5.166 362.923 366.923 58.228 62.228 60.228 364.923 4.0 4.0 16.0
svg/svg/g_5/circle_167                   4 1.0 0.0 0.0 0.0 16.114 100.0 65.686 1.0 0.0 5.167 344.923 348.923 54.858 58.858 56.858 346.923 4.0 4.0 16.0
svg/svg/g_5/circle_168                   4 1.0 0.0 0.0 0.0 16.114 100.0 65.686 1.0 0.0 5.168 345.692 349.692 51.489 55.489 53.489 347.692 4.0 4.0 16.0
svg/svg/g_5/circle_169                   4 1.0 0.0 0.0 0.0 16.114 100.0 65.686 1.0 0.0 5.169 347.846 351.846 48.119 52.119 50.119 349.846 4.0 4.0 16.0
svg/svg/g_5/circle_170                   4 1.0 0.0 0.0 0.0 16.114 100.0 65.686 1.0 0.0 5.17 346.923 350.923 44.74 48.74 46.74 348.923 4.0 4.0 16.0
svg/svg/g_5/circle_171                   4 1.0 0.0 0.0 0.0 16.114 100.0 65.686 1.0 0.0 5.171 350.923 354.923 41.37 45.37 43.37 352.923 4.0 4.0 16.0
svg/svg/g_5/circle_172                   4 1.0 0.0 0.0 0.0 16.114 100.0 65.686 1.0 0.0 5.172 368.769 372.769 38.0 42.0 40.0 370.769 4.0 4.0 16.0
svg/svg/g_6/text_4                       9 1.0 0.0 0.0 0.0 0.0 0.0 0.0 1.0 0.0 6.0 249.692 259.692 124.301 164.301 144.301 254.692 40.0 10.0 400.0
svg/svg/g_6/text_4/tspan                 23 1.0 0.0 0.0 0.0 0.0 0.0 0.0 1.0 0.0 60.0 249.692 259.692 124.301 164.301 144.301 254.692 40.0 10.0 400.0
svg/svg/g_6/text_4/tspan_1               23 1.0 0.0 0.0 0.0 0.0 0.0 0.0 1.0 0.0 60.1 249.692 259.692 124.301 164.301 144.301 254.692 40.0 10.0 400.0
svg/svg/g_7/path_1                       2 1.0 0.0 0.0 0.0 0.0 0.0 0.0 1.0 0.0 7.0 281.69 281.69 40.0 208.6 124.3 281.69 168.6 0.0 0.0
svg/svg/g_7/marker/path_2                2 1.0 0.0 0.0 0.0 0.0 0.0 0.0 1.5 0.0 71.0 0 0 0 0 0.0 0.0 0 0 0
svg/svg/g_7/marker_1/path_3              2 1.0 0.0 0.0 0.0 0.0 0.0 0.0 1.5 0.0 72.0 0 0 0 0 0.0 0.0 0 0 0
svg/svg/g_8/text_5                       9 1.0 0.0 0.0 0.0 0.0 0.0 0.0 1.0 0.0 8.0 410.36 420.36 613.251 653.251 633.251 415.36 40.0 10.0 400.0
svg/svg/g_8/text_6                       9 1.0 0.0 0.0 0.0 0.0 0.0 0.0 1.0 0.0 8.1 410.36 420.36 545.808 585.808 565.808 415.36 40.0 10.0 400.0
svg/svg/g_8/text_7                       9 1.0 0.0 0.0 0.0 0.0 0.0 0.0 1.0 0.0 8.2 410.36 420.36 478.365 518.365 498.365 415.36 40.0 10.0 400.0
svg/svg/g_8/text_8                       9 1.0 0.0 0.0 0.0 0.0 0.0 0.0 1.0 0.0 8.3 410.36 420.36 410.922 450.922 430.922 415.36 40.0 10.0 400.0
svg/svg/g_8/text_9                       9 1.0 0.0 0.0 0.0 0.0 0.0 0.0 1.0 0.0 8.4 410.36 420.36 343.479 383.479 363.479 415.36 40.0 10.0 400.0
svg/svg/g_8/text_10                      9 1.0 0.0 0.0 0.0 0.0 0.0 0.0 1.0 0.0 8.5 410.36 420.36 276.036 316.036 296.036 415.36 40.0 10.0 400.0
svg/svg/g_8/text_11                      9 1.0 0.0 0.0 0.0 0.0 0.0 0.0 1.0 0.0 8.6 410.36 420.36 208.603 248.603 228.603 415.36 40.0 10.0 400.0
svg/svg/g_8/text_12                      9 1.0 0.0 0.0 0.0 0.0 0.0 0.0 1.0 0.0 8.7 410.36 420.36 141.16 181.16 161.16 415.36 40.0 10.0 400.0
svg/svg/g_8/text_13                      9 1.0 0.0 0.0 0.0 0.0 0.0 0.0 1.0 0.0 8.8 410.36 420.36 73.717 113.717 93.717 415.36 40.0 10.0 400.0
svg/svg/g_9/path_4                       2 1.0 0.0 0.0 0.0 0.0 0.0 0.0 1.0 0.0 9.0 0.0 6.0 0.0 0.0 0.0 3.0 0.0 6.0 0.0
svg/svg/g_9/path_5                       2 1.0 0.0 0.0 0.0 0.0 0.0 0.0 1.0 0.0 9.1 0.0 6.0 0.0 0.0 0.0 3.0 0.0 6.0 0.0
svg/svg/g_9/path_6                       2 1.0 0.0 0.0 0.0 0.0 0.0 0.0 1.0 0.0 9.2 0.0 6.0 0.0 0.0 0.0 3.0 0.0 6.0 0.0
svg/svg/g_9/path_7                       2 1.0 0.0 0.0 0.0 0.0 0.0 0.0 1.0 0.0 9.3 0.0 6.0 0.0 0.0 0.0 3.0 0.0 6.0 0.0
svg/svg/g_9/path_8                       2 1.0 0.0 0.0 0.0 0.0 0.0 0.0 1.0 0.0 9.4 0.0 6.0 0.0 0.0 0.0 3.0 0.0 6.0 0.0
svg/svg/g_9/path_9                       2 1.0 0.0 0.0 0.0 0.0 0.0 0.0 1.0 0.0 9.5 0.0 6.0 0.0 0.0 0.0 3.0 0.0 6.0 0.0
svg/svg/g_9/path_10                      2 1.0 0.0 0.0 0.0 0.0 0.0 0.0 1.0 0.0 9.6 0.0 6.0 0.0 0.0 0.0 3.0 0.0 6.0 0.0
svg/svg/g_9/path_11                      2 1.0 0.0 0.0 0.0 0.0 0.0 0.0 1.0 0.0 9.7 0.0 6.0 0.0 0.0 0.0 3.0 0.0 6.0 0.0
svg/svg/g_9/path_12                      2 1.0 0.0 0.0 0.0 0.0 0.0 0.0 1.0 0.0 9.8 0.0 6.0 0.0 0.0 0.0 3.0 0.0 6.0 0.0
svg/svg/g_10/text_14                     9 1.0 0.0 0.0 0.0 0.0 0.0 0.0 1.0 0.0 10.0 14.36 24.36 3.0 43.0 23.0 19.36 40.0 10.0 400.0
svg/svg/g_11/text_15                     9 1.0 0.0 0.0 0.0 0.0 0.0 0.0 1.0 0.0 11.0 88.043 98.043 31.0 71.0 51.0 93.043 40.0 10.0 400.0
svg/svg/g_11/text_16                     9 1.0 0.0 0.0 0.0 0.0 0.0 0.0 1.0 0.0 11.1 164.966 174.966 31.0 71.0 51.0 169.966 40.0 10.0 400.0
svg/svg/g_11/text_17                     9 1.0 0.0 0.0 0.0 0.0 0.0 0.0 1.0 0.0 11.2 241.889 251.889 31.0 71.0 51.0 246.889 40.0 10.0 400.0
svg/svg/g_11/text_18                     9 1.0 0.0 0.0 0.0 0.0 0.0 0.0 1.0 0.0 11.3 318.812 328.812 31.0 71.0 51.0 323.812 40.0 10.0 400.0
svg/svg/g_12/path_13                     2 1.0 0.0 0.0 0.0 0.0 0.0 0.0 1.0 0.0 12.0 0.0 0.0 -4.0 0.0 -2.0 0.0 4.0 0.0 0.0
svg/svg/g_12/path_14                     2 1.0 0.0 0.0 0.0 0.0 0.0 0.0 1.0 0.0 12.1 0.0 0.0 -4.0 0.0 -2.0 0.0 4.0 0.0 0.0
svg/svg/g_12/path_15                     2 1.0 0.0 0.0 0.0 0.0 0.0 0.0 1.0 0.0 12.2 0.0 0.0 -4.0 0.0 -2.0 0.0 4.0 0.0 0.0
svg/svg/g_12/path_16                     2 1.0 0.0 0.0 0.0 0.0 0.0 0.0 1.0 0.0 12.3 0.0 0.0 -4.0 0.0 -2.0 0.0 4.0 0.0 0.0
svg/svg/g_13/line_2                      6 1.0 0.0 0.0 0.0 0.0 0.0 0.0 1.0 0.0 13.0 82.923 82.923 40.0 620.0 330.0 82.923 580.0 0.0 0.0
svg/svg/g_13/line_3                      6 1.0 0.0 0.0 0.0 0.0 0.0 0.0 1.0 0.0 13.1 159.846 159.846 40.0 620.0 330.0 159.846 580.0 0.0 0.0
svg/svg/g_13/line_4                      6 1.0 0.0 0.0 0.0 0.0 0.0 0.0 1.0 0.0 13.2 236.769 236.769 40.0 620.0 330.0 236.769 580.0 0.0 0.0
svg/svg/g_13/line_5                      6 1.0 0.0 0.0 0.0 0.0 0.0 0.0 1.0 0.0 13.3 313.692 313.692 40.0 620.0 330.0 313.692 580.0 0.0 0.0
