svg/svg/g/a 24.0 1.0 0.0 0.0 0.0 0.0 0.0 0.0 0.04109589041095891 0.0 0.0 0.06997455470737914 0.13959390862944163 0.5192307692307693 0.9696969696969697 0.7507788161993769 0.1048284625158831 0.5517241379310345 0.8044463946175222 0.44383249358208127
svg/svg/g/a/text 9.0 1.0 0.0 0.0 0.0 0.0 0.0 0.0 0.04109589041095891 0.0 0.0 1.0 1.0 0.00641025641025641 0.06060606060606061 0.03426791277258567 1.0 0.06896551724137931 0.0292525961679099 0.002017420425373097
svg/svg/g/text_1 9.0 1.0 0.0 0.0 0.0 0.0 0.0 0.0 0.04109589041095891 0.0 0.0016611295681063123 0.9974554707379135 0.9974619289340102 0.00641025641025641 0.06060606060606061 0.03426791277258567 0.9974587039390089 0.06896551724137931 0.0292525961679099 0.002017420425373097
svg/svg/g_2/text_2 9.0 1.0 0.0 0.0 0.0 0.7131113444129707 1.0 1.0 1.0 0.0 0.03322259136212624 0.0063918575063613235 0.008913705583756345 0.5775064102564103 0.6005515151515152 0.5893520249221184 0.00765438373570521 0.06896551724137931 0.0292525961679099 0.002017420425373097
svg/svg/g_3/path 2.0 1.0 0.0 0.0 0.0 0.0 0.0 0.0 0.04109589041095891 0.0 0.04983388704318937 0.00500763358778626 0.07965736040609138 0.07051282051282051 0.9393939393939394 0.5171339563862928 0.04237992376111817 1.0 0.8605236214714056 0.8605236214714056
svg/svg/g_4/text_3 9.0 1.0 0.0 0.0 0.0 0.7131113444129707 1.0 1.0 1.0 0.0 0.06644518272425248 0.016178625954198472 0.018675634517766496 0.5775064102564103 0.6005515151515152 0.5893520249221184 0.017428716645489197 0.06896551724137931 0.0292525961679099 0.002017420425373097
svg/svg/g_5/path_1 2.0 1.0 0.0 0.0 0.0 0.0 0.0 0.0 0.04109589041095891 0.0 0.08305647840531562 0.014793893129770993 0.08941878172588832 0.07051282051282051 0.9393939393939394 0.5171339563862928 0.05215374841168996 1.0 0.8605236214714056 0.8605236214714056
svg/svg/g_6/text_4 9.0 1.0 0.0 0.0 0.0 0.7131113444129707 1.0 1.0 0.589041095890411 0.0 0.09966777408637874 0.052632569974554705 0.05503705583756345 0.5775064102564103 0.6005515151515152 0.5893520249221184 0.05383634053367217 0.06896551724137931 0.0292525961679099 0.002017420425373097
svg/svg/g_6/text_4/tspan 23.0 1.0 0.0 0.0 0.0 0.7131113444129707 1.0 1.0 0.589041095890411 0.0 0.9966777408637874 0.052632569974554705 0.05503705583756345 0.5775064102564103 0.6005515151515152 0.5893520249221184 0.05383634053367217 0.06896551724137931 0.0292525961679099 0.002017420425373097
svg/svg/g_6/text_4/tspan_1 23.0 1.0 0.0 0.0 0.0 0.7131113444129707 1.0 1.0 0.589041095890411 0.0 0.9983388704318936 0.052632569974554705 0.05503705583756345 0.5775064102564103 0.6005515151515152 0.5893520249221184 0.05383634053367217 0.06896551724137931 0.0292525961679099 0.002017420425373097
svg/svg/g_6/text_4/tspan_2 23.0 1.0 0.0 0.0 0.0 0.7131113444129707 1.0 1.0 0.589041095890411 0.0 1.0 0.052632569974554705 0.05503705583756345 0.5775064102564103 0.6005515151515152 0.5893520249221184 0.05383634053367217 0.06896551724137931 0.0292525961679099 0.002017420425373097
svg/svg/g_7/path_2 2.0 1.0 0.0 0.0 0.0 0.0 0.0 0.0 0.10958904109589042 0.0 0.11627906976744186 0.04415521628498728 0.11870304568527919 0.07051282051282051 0.9393939393939394 0.5171339563862928 0.08147649301143584 1.0 0.8604943688752377 0.8604943688752377
svg/svg/g_8/path_3 2.0 1.0 0.0 0.0 0.0 1.0 1.0 0.744905181206936 0.0 0.0 0.13289036544850497 0.04295419847328244 0.1270989847715736 0.07051282051282051 0.9393939393939394 0.5171339563862928 0.08508005082592122 1.0 0.971069182389937 0.971069182389937
svg/svg/g_8/path_4 2.0 1.0 0.0 0.0 0.0 1.0 1.0 0.744905181206936 0.0 0.0 0.1345514950166113 0.044206106870229 0.11681218274111675 0.07051282051282051 0.9393939393939394 0.5171339563862928 0.08055527318932656 1.0 0.8381161328067865 0.8381161328067865
svg/svg/g_8/path_5 2.0 1.0 0.0 0.0 0.0 1.0 1.0 0.744905181206936 0.0 0.0 0.13621262458471758 0.04086259541984733 0.11806598984771574 0.07051282051282051 0.9393939393939394 0.5171339563862928 0.0795133418043202 1.0 0.8910048266783676 0.8910048266783678
svg/svg/g_8/path_6 2.0 1.0 0.0 0.0 0.0 1.0 1.0 0.744905181206936 0.0 0.0 0.13787375415282394 0.039022900763358785 0.11909390862944162 0.07051282051282051 0.9393939393939394 0.5171339563862928 0.07910927573062262 1.0 0.92400175515577 0.9240017551557701
svg/svg/g_8/path_7 2.0 1.0 0.0 0.0 0.0 1.0 1.0 0.744905181206936 0.0 0.0 0.13953488372093023 0.04279643765903308 0.12333248730964468 0.07051282051282051 0.9393939393939394 0.5171339563862928 0.0831156289707751 1.0 0.9294719906391692 0.9294719906391693
svg/svg/g_8/path_8 2.0 1.0 0.0 0.0 0.0 1.0 1.0 0.744905181206936 0.0 0.0 0.14119601328903653 0.04640458015267176 0.11811675126903554 0.07051282051282051 0.9393939393939394 0.5171339563862928 0.08230622617534943 1.0 0.8278777241480181 0.8278777241480181
svg/svg/g_8/path_9 2.0 1.0 0.0 0.0 0.0 1.0 1.0 0.744905181206936 0.0 0.0 0.14285714285714285 0.04440966921119593 0.1162766497461929 0.07051282051282051 0.9393939393939394 0.5171339563862928 0.08038881829733163 1.0 0.8296036273219248 0.8296036273219248
svg/svg/g_8/path_10 2.0 1.0 0.0 0.0 0.0 1.0 1.0 0.744905181206936 0.0 0.0 0.14451827242524914 0.04969465648854962 0.12260913705583756 0.07051282051282051 0.9393939393939394 0.5171339563862928 0.08619822109275731 1.0 0.8418312125201111 0.8418312125201112
svg/svg/g_8/path_11 2.0 1.0 0.0 0.0 0.0 1.0 1.0 0.744905181206936 0.0 0.0 0.1461794019933555 0.04637150127226463 0.11911167512690356 0.07051282051282051 0.9393939393939394 0.5171339563862928 0.08278780177890724 1.0 0.8397250255960216 0.8397250255960216
svg/svg/g_8/path_12 2.0 1.0 0.0 0.0 0.0 1.0 1.0 0.744905181206936 0.0 0.0 0.1478405315614618 0.0460203562340967 0.11928934010152284 0.07051282051282051 0.9393939393939394 0.5171339563862928 0.08270139771283355 1.0 0.8458095655989468 0.8458095655989469
svg/svg/g_8/path_13 2.0 1.0 0.0 0.0 0.0 1.0 1.0 0.744905181206936 0.0 0.0 0.1345514950166113 0.04525954198473282 0.12417005076142132 0.07051282051282051 0.9393939393939394 0.5171339563862928 0.08476493011435833 1.0 0.9108088342840427 0.9108088342840427
svg/svg/g_8/path_14 2.0 1.0 0.0 0.0 0.0 1.0 1.0 0.744905181206936 0.0 0.0 0.13471760797342192 0.04546310432569974 0.1319796954314721 0.07051282051282051 0.9393939393939394 0.5171339563862928 0.08877636594663278 1.0 0.9984788649992685 0.9984788649992686
svg/svg/g_8/path_15 2.0 1.0 0.0 0.0 0.0 1.0 1.0 0.744905181206936 0.0 0.0 0.13488372093023254 0.0471704834605598 0.13041878172588833 0.07051282051282051 0.9393939393939394 0.5171339563862928 0.08884752223634054 1.0 0.9608600263273366 0.9608600263273366
svg/svg/g_8/path_16 2.0 1.0 0.0 0.0 0.0 1.0 1.0 0.744905181206936 0.0 0.0 0.1350498338870432 0.04746819338422392 0.11499492385786801 0.07051282051282051 0.9393939393939394 0.5171339563862928 0.08127445997458704 1.0 0.7796694456633025 0.7796694456633025
svg/svg/g_8/path_17 2.0 1.0 0.0 0.0 0.0 1.0 1.0 0.744905181206936 0.0 0.0 0.13521594684385382 0.044483460559796434 0.12163197969543148 0.07051282051282051 0.9393939393939394 0.5171339563862928 0.08310673443456162 1.0 0.8904782799473453 0.8904782799473453
svg/svg/g_8/path_18 2.0 1.0 0.0 0.0 0.0 1.0 1.0 0.744905181206936 0.0 0.0 0.13538205980066445 0.04447328244274809 0.11616497461928935 0.07051282051282051 0.9393939393939394 0.5171339563862928 0.08036467598475222 1.0 0.827585198186339 0.827585198186339
svg/svg/g_8/path_19 2.0 1.0 0.0 0.0 0.0 1.0 1.0 0.744905181206936 0.0 0.0 0.13554817275747508 0.03895165394402036 0.11541878172588832 0.07051282051282051 0.9393939393939394 0.5171339563862928 0.07723379923761119 1.0 0.882463068597338 0.882463068597338
svg/svg/g_8/path_20 2.0 1.0 0.0 0.0 0.0 1.0 1.0 0.744905181206936 0.0 0.0 0.1357142857142857 0.044374045801526714 0.11575888324873096 0.07051282051282051 0.9393939393939394 0.5171339563862928 0.08011181702668362 1.0 0.8240456340500218 0.824045634050022
svg/svg/g_8/path_21 2.0 1.0 0.0 0.0 0.0 1.0 1.0 0.744905181206936 0.0 0.0 0.13588039867109633 0.038949109414758265 0.12301776649746193 0.07051282051282051 0.9393939393939394 0.5171339563862928 0.08103684879288436 1.0 0.9700745941202281 0.9700745941202282
svg/svg/g_8/path_22 2.0 1.0 0.0 0.0 0.0 1.0 1.0 0.744905181206936 0.0 0.0 0.13604651162790696 0.044590330788804075 0.11596954314720813 0.07051282051282051 0.9393939393939394 0.5171339563862928 0.08032528589580686 1.0 0.8239871288576861 0.8239871288576861
svg/svg/g_8/path_23 2.0 1.0 0.0 0.0 0.0 1.0 1.0 0.744905181206936 0.0 0.0 0.13621262458471758 0.04176081424936387 0.11888071065989847 0.07051282051282051 0.9393939393939394 0.5171339563862928 0.0803697585768742 1.0 0.8900687436009945 0.8900687436009946
svg/svg/g_8/path_24 2.0 1.0 0.0 0.0 0.0 1.0 1.0 0.744905181206936 0.0 0.0 0.13637873754152824 0.04287277353689568 0.12266751269035533 0.07051282051282051 0.9393939393939394 0.5171339563862928 0.08282083862770012 1.0 0.9209302325581394 0.9209302325581395
svg/svg/g_8/path_25 2.0 1.0 0.0 0.0 0.0 1.0 1.0 0.744905181206936 0.0 0.0 0.13654485049833887 0.041315521628498726 0.12065482233502538 0.07051282051282051 0.9393939393939394 0.5171339563862928 0.08103557814485388 1.0 0.9156355126517478 0.9156355126517478
svg/svg/g_8/path_26 2.0 1.0 0.0 0.0 0.0 1.0 1.0 0.744905181206936 0.0 0.0 0.1367109634551495 0.04300763358778626 0.1179238578680203 0.07051282051282051 0.9393939393939394 0.5171339563862928 0.0805133418043202 1.0 0.8647067427234167 0.8647067427234167
svg/svg/g_8/path_27 2.0 1.0 0.0 0.0 0.0 1.0 1.0 0.744905181206936 0.0 0.0 0.13687707641196012 0.04473791348600509 0.11596954314720813 0.07051282051282051 0.9393939393939394 0.5171339563862928 0.0803989834815756 1.0 0.8222904782799474 0.8222904782799474
svg/svg/g_8/path_28 2.0 1.0 0.0 0.0 0.0 1.0 1.0 0.744905181206936 0.0 0.0 0.13704318936877075 0.044142493638676845 0.1208502538071066 0.07051282051282051 0.9393939393939394 0.5171339563862928 0.08254510800508259 1.0 0.8853883282141289 0.885388328214129
svg/svg/g_8/path_29 2.0 1.0 0.0 0.0 0.0 1.0 1.0 0.744905181206936 0.0 0.0 0.13720930232558137 0.043061068702290074 0.11909390862944162 0.07051282051282051 0.9393939393939394 0.5171339563862928 0.08112579415501907 1.0 0.8775778850372971 0.8775778850372971
svg/svg/g_8/path_30 2.0 1.0 0.0 0.0 0.0 1.0 1.0 0.744905181206936 0.0 0.0 0.137375415282392 0.03622137404580152 0.11538578680203046 0.07051282051282051 0.9393939393939394 0.5171339563862928 0.07585387547649301 1.0 0.9134708205353224 0.9134708205353226
svg/svg/g_8/path_31 2.0 1.0 0.0 0.0 0.0 1.0 1.0 0.744905181206936 0.0 0.0 0.13754152823920265 0.037580152671755726 0.1116751269035533 0.07051282051282051 0.9393939393939394 0.5171339563862928 0.07467471410419314 1.0 0.8550826385841743 0.8550826385841743
svg/svg/g_8/path_32 2.0 1.0 0.0 0.0 0.0 1.0 1.0 0.744905181206936 0.0 0.0 0.13770764119601328 0.04401272264631043 0.11655583756345178 0.07051282051282051 0.9393939393939394 0.5171339563862928 0.08033036848792885 1.0 0.8373848179025888 0.8373848179025888
svg/svg/g_8/path_33 2.0 1.0 0.0 0.0 0.0 1.0 1.0 0.744905181206936 0.0 0.0 0.13787375415282394 0.04451145038167939 0.11987563451776649 0.07051282051282051 0.9393939393939394 0.5171339563862928 0.08224142312579416 1.0 0.8699137048413046 0.8699137048413046
svg/svg/g_8/path_34 2.0 1.0 0.0 0.0 0.0 1.0 1.0 0.744905181206936 0.0 0.0 0.13803986710963456 0.04202290076335878 0.11390609137055838 0.07051282051282051 0.9393939393939394 0.5171339563862928 0.07801016518424397 1.0 0.8297206377065963 0.8297206377065965
svg/svg/g_8/path_35 2.0 1.0 0.0 0.0 0.0 1.0 1.0 0.744905181206936 0.0 0.0 0.1382059800664452 0.0459236641221374 0.11753299492385787 0.07051282051282051 0.9393939393939394 0.5171339563862928 0.08177382465057179 1.0 0.8266783677051338 0.8266783677051338
svg/svg/g_8/path_36 2.0 1.0 0.0 0.0 0.0 1.0 1.0 0.744905181206936 0.0 0.0 0.13837209302325582 0.044605597964376596 0.11981472081218274 0.07051282051282051 0.9393939393939394 0.5171339563862928 0.0822579415501906 1.0 0.8681292964750621 0.8681292964750622
svg/svg/g_8/path_37 2.0 1.0 0.0 0.0 0.0 1.0 1.0 0.744905181206936 0.0 0.0 0.13853820598006644 0.050211195928753186 0.11636040609137055 0.07051282051282051 0.9393939393939394 0.5171339563862928 0.08332782719186785 1.0 0.7638730437326312 0.7638730437326312
svg/svg/g_8/path_38 2.0 1.0 0.0 0.0 0.0 1.0 1.0 0.744905181206936 0.0 0.0 0.13870431893687707 0.04602544529262086 0.12495177664974619 0.07051282051282051 0.9393939393939394 0.5171339563862928 0.08553875476493013 1.0 0.9110136024572181 0.9110136024572181
svg/svg/g_8/path_39 2.0 1.0 0.0 0.0 0.0 1.0 1.0 0.744905181206936 0.0 0.0 0.1388704318936877 0.04494910941475827 0.12417005076142132 0.07051282051282051 0.9393939393939394 0.5171339563862928 0.08460991105463786 1.0 0.9143776510165276 0.9143776510165277
svg/svg/g_8/path_40 2.0 1.0 0.0 0.0 0.0 1.0 1.0 0.744905181206936 0.0 0.0 0.13903654485049832 0.046193384223918575 0.13041878172588833 0.07051282051282051 0.9393939393939394 0.5171339563862928 0.08835959339263023 1.0 0.9720930232558139 0.9720930232558139
svg/svg/g_8/path_41 2.0 1.0 0.0 0.0 0.0 1.0 1.0 0.744905181206936 0.0 0.0 0.13920265780730898 0.04411195928753181 0.11932994923857869 0.07051282051282051 0.9393939393939394 0.5171339563862928 0.0817687420584498 1.0 0.8682170542635659 0.8682170542635659
svg/svg/g_8/path_42 2.0 1.0 0.0 0.0 0.0 1.0 1.0 0.744905181206936 0.0 0.0 0.1393687707641196 0.04247328244274809 0.11382233502538071 0.07051282051282051 0.9393939393939394 0.5171339563862928 0.07819313850063532 1.0 0.8235775925113353 0.8235775925113354
svg/svg/g_8/path_43 2.0 1.0 0.0 0.0 0.0 1.0 1.0 0.744905181206936 0.0 0.0 0.13953488372093023 0.04809669211195929 0.12065482233502538 0.07051282051282051 0.9393939393939394 0.5171339563862928 0.08442185514612452 1.0 0.837677343864268 0.8376773438642678
svg/svg/g_8/path_44 2.0 1.0 0.0 0.0 0.0 1.0 1.0 0.744905181206936 0.0 0.0 0.13970099667774086 0.045778625954198474 0.12195431472081218 0.07051282051282051 0.9393939393939394 0.5171339563862928 0.08391486658195679 1.0 0.8793037882112036 0.8793037882112038
svg/svg/g_8/path_45 2.0 1.0 0.0 0.0 0.0 1.0 1.0 0.744905181206936 0.0 0.0 0.13986710963455148 0.04797455470737913 0.11714213197969543 0.07051282051282051 0.9393939393939394 0.5171339563862928 0.0826022871664549 1.0 0.7985958753839403 0.7985958753839403
svg/svg/g_8/path_46 2.0 1.0 0.0 0.0 0.0 1.0 1.0 0.744905181206936 0.0 0.0 0.1400332225913621 0.04259033078880407 0.12924619289340103 0.07051282051282051 0.9393939393939394 0.5171339563862928 0.08597331639135959 1.0 1.0 1.0
svg/svg/g_8/path_47 2.0 1.0 0.0 0.0 0.0 1.0 1.0 0.744905181206936 0.0 0.0 0.14019933554817274 0.0441501272264631 0.12241370558375635 0.07051282051282051 0.9393939393939394 0.5171339563862928 0.08333163913595934 1.0 0.9033201696650578 0.9033201696650578
svg/svg/g_8/path_48 2.0 1.0 0.0 0.0 0.0 1.0 1.0 0.744905181206936 0.0 0.0 0.14036544850498336 0.04343511450381679 0.12065482233502538 0.07051282051282051 0.9393939393939394 0.5171339563862928 0.08209402795425667 1.0 0.8912681000438789 0.8912681000438789
svg/svg/g_8/path_49 2.0 1.0 0.0 0.0 0.0 1.0 1.0 0.744905181206936 0.0 0.0 0.14053156146179402 0.04113740458015267 0.1157741116751269 0.07051282051282051 0.9393939393939394 0.5171339563862928 0.07850317662007625 1.0 0.8614304519526108 0.8614304519526108
svg/svg/g_8/path_50 2.0 1.0 0.0 0.0 0.0 1.0 1.0 0.744905181206936 0.0 0.0 0.14069767441860465 0.042989821882951654 0.11479949238578681 0.07051282051282051 0.9393939393939394 0.5171339563862928 0.0789402795425667 1.0 0.828901565013895 0.8289015650138949
svg/svg/g_8/path_51 2.0 1.0 0.0 0.0 0.0 1.0 1.0 0.744905181206936 0.0 0.0 0.14086378737541527 0.04598473282442748 0.11728934010152284 0.07051282051282051 0.9393939393939394 0.5171339563862928 0.08168233799237612 1.0 0.8231680561649846 0.8231680561649847
svg/svg/g_8/path_52 2.0 1.0 0.0 0.0 0.0 1.0 1.0 0.744905181206936 0.0 0.0 0.1410299003322259 0.044 0.11772588832487309 0.07051282051282051 0.9393939393939394 0.5171339563862928 0.08090978398983481 1.0 0.8510165277168349 0.8510165277168349
svg/svg/g_8/path_53 2.0 1.0 0.0 0.0 0.0 0.787651288552582 1.0 0.6959241449655488 0.0 0.0 0.14119601328903653 0.04279389312977099 0.11968020304568529 0.07051282051282051 0.9393939393939394 0.5171339563862928 0.0812858958068615 1.0 0.8874067573497147 0.8874067573497147
svg/svg/g_8/path_54 2.0 1.0 0.0 0.0 0.0 0.787651288552582 1.0 0.6959241449655488 0.0 0.0 0.14136212624584715 0.044206106870229 0.11714213197969543 0.07051282051282051 0.9393939393939394 0.5171339563862928 0.08072045743329098 1.0 0.8419189703086148 0.8419189703086148
svg/svg/g_8/path_55 2.0 1.0 0.0 0.0 0.0 0.787651288552582 1.0 0.6959241449655488 0.0 0.0 0.1415282392026578 0.04556234096692112 0.11733756345177665 0.07051282051282051 0.9393939393939394 0.5171339563862928 0.08149555273189327 1.0 0.8285797864560479 0.828579786456048
svg/svg/g_8/path_56 2.0 1.0 0.0 0.0 0.0 0.787651288552582 1.0 0.6959241449655488 0.0 0.0 0.14169435215946843 0.04848346055979644 0.11694670050761422 0.07051282051282051 0.9393939393939394 0.5171339563862928 0.08275857687420583 1.0 0.7904929062454292 0.7904929062454292
svg/svg/g_8/path_57 2.0 1.0 0.0 0.0 0.0 0.787651288552582 1.0 0.6959241449655488 0.0 0.0 0.14186046511627906 0.049895674300254454 0.12456091370558375 0.07051282051282051 0.9393939393939394 0.5171339563862928 0.08727573062261754 1.0 0.8620155038759689 0.8620155038759689
svg/svg/g_8/path_58 2.0 1.0 0.0 0.0 0.0 0.787651288552582 1.0 0.6959241449655488 0.0 0.0 0.14202657807308972 0.04611959287531807 0.12119796954314721 0.07051282051282051 0.9393939393939394 0.5171339563862928 0.08370648030495552 1.0 0.8666666666666666 0.8666666666666667
svg/svg/g_8/path_59 2.0 1.0 0.0 0.0 0.0 0.787651288552582 1.0 0.6959241449655488 0.0 0.0 0.14219269102990034 0.04584478371501272 0.11831218274111674 0.07051282051282051 0.9393939393939394 0.5171339563862928 0.08212452350698857 1.0 0.8365657452098874 0.8365657452098874
svg/svg/g_8/path_60 2.0 1.0 0.0 0.0 0.0 0.787651288552582 1.0 0.6959241449655488 0.0 0.0 0.14235880398671097 0.047463104325699744 0.12076649746192893 0.07051282051282051 0.9393939393939394 0.5171339563862928 0.08416137229987294 1.0 0.8462483545414655 0.8462483545414656
svg/svg/g_8/path_61 2.0 1.0 0.0 0.0 0.0 0.787651288552582 1.0 0.6959241449655488 0.0 0.0 0.1425249169435216 0.04635114503816794 0.11987563451776649 0.07051282051282051 0.9393939393939394 0.5171339563862928 0.08316010165184244 1.0 0.8487640778119057 0.8487640778119058
svg/svg/g_8/path_62 2.0 1.0 0.0 0.0 0.0 0.787651288552582 1.0 0.6959241449655488 0.0 0.0 0.14269102990033222 0.04822137404580153 0.12651269035532994 0.07051282051282051 0.9393939393939394 0.5171339563862928 0.08741677255400254 1.0 0.9037589586075764 0.9037589586075764
svg/svg/g_8/path_63 2.0 1.0 0.0 0.0 0.0 0.787651288552582 1.0 0.6959241449655488 0.0 0.0 0.14285714285714285 0.04761323155216285 0.12104568527918783 0.07051282051282051 0.9393939393939394 0.5171339563862928 0.08437611181702667 1.0 0.847740236946029 0.847740236946029
svg/svg/g_8/path_64 2.0 1.0 0.0 0.0 0.0 0.787651288552582 1.0 0.6959241449655488 0.0 0.0 0.14302325581395348 0.048758269720101784 0.12495177664974619 0.07051282051282051 0.9393939393939394 0.5171339563862928 0.08690343074968233 1.0 0.8795963141728828 0.8795963141728829
svg/svg/g_8/path_65 2.0 1.0 0.0 0.0 0.0 0.787651288552582 1.0 0.6959241449655488 0.0 0.0 0.1431893687707641 0.04775826972010178 0.11636040609137055 0.07051282051282051 0.9393939393939394 0.5171339563862928 0.08210292249047013 1.0 0.7920725464384963 0.7920725464384964
svg/svg/g_8/path_66 2.0 1.0 0.0 0.0 0.0 0.787651288552582 1.0 0.6959241449655488 0.0 0.0 0.14335548172757476 0.047259541984732825 0.12221827411167513 0.07051282051282051 0.9393939393939394 0.5171339563862928 0.08478653113087674 1.0 0.8653210472429428 0.8653210472429428
svg/svg/g_8/path_67 2.0 1.0 0.0 0.0 0.0 0.787651288552582 1.0 0.6959241449655488 0.0 0.0 0.14352159468438538 0.044707379134860045 0.11294416243654823 0.07051282051282051 0.9393939393939394 0.5171339563862928 0.07886912325285897 1.0 0.7877724148018136 0.7877724148018137
svg/svg/g_8/path_68 2.0 1.0 0.0 0.0 0.0 0.787651288552582 1.0 0.6959241449655488 0.0 0.0 0.143687707641196 0.0428880407124682 0.11636040609137055 0.07051282051282051 0.9393939393939394 0.5171339563862928 0.07967090216010166 1.0 0.8480620155038759 0.8480620155038759
svg/svg/g_8/path_69 2.0 1.0 0.0 0.0 0.0 0.787651288552582 1.0 0.6959241449655488 0.0 0.0 0.14385382059800664 0.046427480916030536 0.12241370558375635 0.07051282051282051 0.9393939393939394 0.5171339563862928 0.08446886912325285 1.0 0.8771390960947785 0.8771390960947784
svg/svg/g_8/path_70 2.0 1.0 0.0 0.0 0.0 0.787651288552582 1.0 0.6959241449655488 0.0 0.0 0.14401993355481726 0.044956743002544534 0.12475634517766498 0.07051282051282051 0.9393939393939394 0.5171339563862928 0.08490724269377382 1.0 0.9210472429428112 0.9210472429428112
svg/svg/g_8/path_71 2.0 1.0 0.0 0.0 0.0 0.787651288552582 1.0 0.6959241449655488 0.0 0.0 0.1441860465116279 0.0465852417302799 0.12221827411167513 0.07051282051282051 0.9393939393939394 0.5171339563862928 0.08444980940279542 1.0 0.8730729852274388 0.8730729852274389
svg/svg/g_8/path_72 2.0 1.0 0.0 0.0 0.0 0.787651288552582 1.0 0.6959241449655488 0.0 0.0 0.14435215946843852 0.045526717557251906 0.11557868020304568 0.07051282051282051 0.9393939393939394 0.5171339563862928 0.0805972045743329 1.0 0.808717273658037 0.8087172736580371
svg/svg/g_8/path_73 2.0 1.0 0.0 0.0 0.0 0.787651288552582 1.0 0.6959241449655488 0.0 0.0 0.14451827242524914 0.044552162849872776 0.11610913705583757 0.07051282051282051 0.9393939393939394 0.5171339563862928 0.08037611181702668 1.0 0.8260348105894397 0.8260348105894398
svg/svg/g_8/path_74 2.0 1.0 0.0 0.0 0.0 0.787651288552582 1.0 0.6959241449655488 0.0 0.0 0.1446843853820598 0.04220356234096692 0.11382233502538071 0.07051282051282051 0.9393939393939394 0.5171339563862928 0.0780584498094028 1.0 0.8266783677051338 0.8266783677051338
svg/svg/g_8/path_75 2.0 1.0 0.0 0.0 0.0 0.787651288552582 1.0 0.6959241449655488 0.0 0.0 0.14485049833887043 0.04384223918575064 0.11758883248730964 0.07051282051282051 0.9393939393939394 0.5171339563862928 0.08076238881829734 1.0 0.8512505484861781 0.8512505484861781
svg/svg/g_8/path_76 2.0 1.0 0.0 0.0 0.0 0.787651288552582 1.0 0.6959241449655488 0.0 0.0 0.14501661129568105 0.046674300254452926 0.11734771573604061 0.07051282051282051 0.9393939393939394 0.5171339563862928 0.0820559085133418 1.0 0.815913412315343 0.815913412315343
svg/svg/g_8/path_77 2.0 1.0 0.0 0.0 0.0 0.787651288552582 1.0 0.6959241449655488 0.0 0.0 0.14518272425249168 0.044432569974554706 0.11655583756345178 0.07051282051282051 0.9393939393939394 0.5171339563862928 0.08054002541296061 1.0 0.8325581395348837 0.8325581395348837
svg/svg/g_8/path_78 2.0 1.0 0.0 0.0 0.0 0.787651288552582 1.0 0.6959241449655488 0.0 0.0 0.1453488372093023 0.04430025445292621 0.11968020304568529 0.07051282051282051 0.9393939393939394 0.5171339563862928 0.08203811944091487 1.0 0.870089220418312 0.8700892204183122
svg/svg/g_8/path_79 2.0 1.0 0.0 0.0 0.0 0.787651288552582 1.0 0.6959241449655488 0.0 0.0 0.14551495016611293 0.04333078880407124 0.11089340101522843 0.07051282051282051 0.9393939393939394 0.5171339563862928 0.07715501905972046 1.0 0.7799619716249816 0.7799619716249817
svg/svg/g_8/path_80 2.0 1.0 0.0 0.0 0.0 0.787651288552582 1.0 0.6959241449655488 0.0 0.0 0.1456810631229236 0.04319592875318066 0.11636040609137055 0.07051282051282051 0.9393939393939394 0.5171339563862928 0.07982465057179161 1.0 0.8445224513675588 0.8445224513675589
svg/svg/g_8/path_81 2.0 1.0 0.0 0.0 0.0 0.787651288552582 1.0 0.6959241449655488 0.0 0.0 0.14584717607973421 0.04316539440203562 0.1095279187817259 0.07051282051282051 0.9393939393939394 0.5171339563862928 0.07638881829733163 1.0 0.7661254936375602 0.7661254936375603
svg/svg/g_8/path_82 2.0 1.0 0.0 0.0 0.0 0.787651288552582 1.0 0.6959241449655488 0.0 0.0 0.14601328903654484 0.04709160305343511 0.12005329949238579 0.07051282051282051 0.9393939393939394 0.5171339563862928 0.08361880559085134 1.0 0.8422992540587977 0.8422992540587978
svg/svg/g_8/path_83 2.0 1.0 0.0 0.0 0.0 0.787651288552582 1.0 0.6959241449655488 0.0 0.0 0.1461794019933555 0.042048346055979645 0.11602030456852792 0.07051282051282051 0.9393939393939394 0.5171339563862928 0.07908132147395172 1.0 0.8537955243527863 0.8537955243527864
svg/svg/g_8/path_84 2.0 1.0 0.0 0.0 0.0 0.787651288552582 1.0 0.6959241449655488 0.0 0.0 0.14634551495016612 0.03960814249363868 0.11408883248730964 0.07051282051282051 0.9393939393939394 0.5171339563862928 0.07689580686149936 1.0 0.8595875383940325 0.8595875383940325
svg/svg/g_8/path_85 2.0 1.0 0.0 0.0 0.0 0.787651288552582 1.0 0.6959241449655488 0.0 0.0 0.14651162790697675 0.04284478371501272 0.11185532994923858 0.07051282051282051 0.9393939393939394 0.5171339563862928 0.07739390088945362 1.0 0.7966359514406902 0.7966359514406903
svg/svg/g_8/path_86 2.0 1.0 0.0 0.0 0.0 0.787651288552582 1.0 0.6959241449655488 0.0 0.0 0.14667774086378738 0.044170483460559795 0.11655583756345178 0.07051282051282051 0.9393939393939394 0.5171339563862928 0.08040914866581958 1.0 0.8355711569401784 0.8355711569401785
svg/svg/g_8/path_87 2.0 1.0 0.0 0.0 0.0 0.787651288552582 1.0 0.6959241449655488 0.0 0.0 0.146843853820598 0.04213486005089059 0.116751269035533 0.07051282051282051 0.9393939393939394 0.5171339563862928 0.07949047013977129 1.0 0.8612256837794354 0.8612256837794353
svg/svg/g_8/path_88 2.0 1.0 0.0 0.0 0.0 0.787651288552582 1.0 0.6959241449655488 0.0 0.0 0.14700996677740863 0.04340203562340967 0.1188984771573604 0.07051282051282051 0.9393939393939394 0.5171339563862928 0.0811982210927573 1.0 0.8714055872458679 0.8714055872458681
svg/svg/g_8/path_89 2.0 1.0 0.0 0.0 0.0 0.787651288552582 1.0 0.6959241449655488 0.0 0.0 0.14717607973421926 0.0408117048346056 0.1177284263959391 0.07051282051282051 0.9393939393939394 0.5171339563862928 0.07931893265565439 1.0 0.8876992833113938 0.8876992833113938
svg/svg/g_8/path_90 2.0 1.0 0.0 0.0 0.0 0.787651288552582 1.0 0.6959241449655488 0.0 0.0 0.14734219269102988 0.03909160305343511 0.1128477157360406 0.07051282051282051 0.9393939393939394 0.5171339563862928 0.07601651842439644 1.0 0.8512212958900102 0.8512212958900103
svg/svg/g_8/path_91 2.0 1.0 0.0 0.0 0.0 0.787651288552582 1.0 0.6959241449655488 0.0 0.0 0.14750830564784054 0.040638676844783714 0.11030964467005076 0.07051282051282051 0.9393939393939394 0.5171339563862928 0.07551842439644219 1.0 0.8041831212520112 0.8041831212520111
svg/svg/g_8/path_92 2.0 1.0 0.0 0.0 0.0 0.787651288552582 1.0 0.6959241449655488 0.0 0.0 0.14767441860465116 0.04029516539440204 0.11245685279187817 0.07051282051282051 0.9393939393939394 0.5171339563862928 0.07642185514612453 1.0 0.8328799180927308 0.8328799180927308
svg/svg/g_8/path_93 2.0 1.0 0.0 0.0 0.0 0.787651288552582 1.0 0.6959241449655488 0.0 0.0 0.1478405315614618 0.03692875318066158 0.11050253807106598 0.07051282051282051 0.9393939393939394 0.5171339563862928 0.07376238881829733 1.0 0.8490566037735848 0.8490566037735849
svg/svg/g_8/path_94 2.0 1.0 0.0 0.0 0.0 0.787651288552582 1.0 0.6959241449655488 0.0 0.0 0.14800664451827242 0.0371323155216285 0.11206598984771574 0.07051282051282051 0.9393939393939394 0.5171339563862928 0.07464675984752224 1.0 0.8647359953195846 0.8647359953195846
svg/svg/g_8/path_95 2.0 1.0 0.0 0.0 0.0 0.787651288552582 1.0 0.6959241449655488 0.0 0.0 0.14817275747508304 0.04012468193384224 0.10848477157360406 0.07051282051282051 0.9393939393939394 0.5171339563862928 0.07434815756035579 1.0 0.7890595290332016 0.7890595290332018
svg/svg/g_8/path_96 2.0 1.0 0.0 0.0 0.0 0.787651288552582 1.0 0.6959241449655488 0.0 0.0 0.14833887043189367 0.03742493638676845 0.1126522842639594 0.07051282051282051 0.9393939393939394 0.5171339563862928 0.0750864040660737 1.0 0.8681292964750621 0.8681292964750622
svg/svg/g_8/path_97 2.0 1.0 0.0 0.0 0.0 0.787651288552582 1.0 0.6959241449655488 0.0 0.0 0.1485049833887043 0.035605597964376595 0.104748730964467 0.07051282051282051 0.9393939393939394 0.5171339563862928 0.07022109275730623 1.0 0.7979523182682462 0.7979523182682463
svg/svg/g_8/path_98 2.0 1.0 0.0 0.0 0.0 0.787651288552582 1.0 0.6959241449655488 0.0 0.0 0.14867109634551492 0.03744529262086514 0.11005076142131981 0.07051282051282051 0.9393939393939394 0.5171339563862928 0.07379415501905973 1.0 0.8379113646336112 0.8379113646336113
svg/svg/g_8/path_99 2.0 1.0 0.0 0.0 0.0 0.787651288552582 1.0 0.6959241449655488 0.0 0.0 0.14883720930232558 0.04083715012722647 0.1116751269035533 0.07051282051282051 0.9393939393939394 0.5171339563862928 0.07630114358322744 1.0 0.8176393154892496 0.8176393154892496
svg/svg/g_8/path_100 2.0 1.0 0.0 0.0 0.0 0.787651288552582 1.0 0.6959241449655488 0.0 0.0 0.1490033222591362 0.040320610687022904 0.11187055837563452 0.07051282051282051 0.9393939393939394 0.5171339563862928 0.076141041931385 1.0 0.8258300424162643 0.8258300424162643
svg/svg/g_8/path_101 2.0 1.0 0.0 0.0 0.0 0.787651288552582 1.0 0.6959241449655488 0.0 0.0 0.14916943521594683 0.04142748091603053 0.11245685279187817 0.07051282051282051 0.9393939393939394 0.5171339563862928 0.07698729351969505 1.0 0.8198625127980107 0.8198625127980108
svg/svg/g_8/path_102 2.0 1.0 0.0 0.0 0.0 0.787651288552582 1.0 0.6959241449655488 0.0 0.0 0.14933554817275746 0.042241730279898214 0.11250253807106599 0.07051282051282051 0.9393939393939394 0.5171339563862928 0.07741677255400253 1.0 0.811028228755302 0.811028228755302
svg/svg/g_8/path_103 2.0 1.0 0.0 0.0 0.0 0.6248836241903215 1.0 0.6449030995649367 0.0 0.0 0.1345514950166113 0.03992366412213741 0.11673096446700508 0.07051282051282051 0.9393939393939394 0.5171339563862928 0.0783761118170267 1.0 0.8864121690800058 0.8864121690800059
svg/svg/g_8/path_104 2.0 1.0 0.0 0.0 0.0 0.6248836241903215 1.0 0.6449030995649367 0.0 0.0 0.13456810631229238 0.037264631043256995 0.11829187817258884 0.07051282051282051 0.9393939393939394 0.5171339563862928 0.07782973316391359 1.0 0.9349714787187362 0.9349714787187363
svg/svg/g_8/path_105 2.0 1.0 0.0 0.0 0.0 0.6248836241903215 1.0 0.6449030995649367 0.0 0.0 0.13458471760797341 0.037114503816793896 0.10796446700507614 0.07051282051282051 0.9393939393939394 0.5171339563862928 0.07258449809402795 1.0 0.8176685680854174 0.8176685680854177
svg/svg/g_8/path_106 2.0 1.0 0.0 0.0 0.0 0.6248836241903215 1.0 0.6449030995649367 0.0 0.0 0.13460132890365448 0.03678625954198473 0.10991878172588831 0.07051282051282051 0.9393939393939394 0.5171339563862928 0.0733989834815756 1.0 0.8439666520403685 0.8439666520403685
svg/svg/g_8/path_107 2.0 1.0 0.0 0.0 0.0 0.6248836241903215 1.0 0.6449030995649367 0.0 0.0 0.13461794019933554 0.041648854961832064 0.1157741116751269 0.07051282051282051 0.9393939393939394 0.5171339563862928 0.07875857687420584 1.0 0.855550680122861 0.855550680122861
svg/svg/g_8/path_108 2.0 1.0 0.0 0.0 0.0 0.6248836241903215 1.0 0.6449030995649367 0.0 0.0 0.1346345514950166 0.038865139949109416 0.11108883248730965 0.07051282051282051 0.9393939393939394 0.5171339563862928 0.0750228716645489 1.0 0.8335527278045926 0.8335527278045927
svg/svg/g_8/path_109 2.0 1.0 0.0 0.0 0.0 0.6248836241903215 1.0 0.6449030995649367 0.0 0.0 0.13465116279069766 0.04120865139949109 0.11304060913705584 0.07051282051282051 0.9393939393939394 0.5171339563862928 0.07717026683608641 1.0 0.8291063331870703 0.8291063331870703
svg/svg/g_8/path_110 2.0 1.0 0.0 0.0 0.0 0.6248836241903215 1.0 0.6449030995649367 0.0 0.0 0.13466777408637873 0.03889567430025446 0.11401776649746194 0.07051282051282051 0.9393939393939394 0.5171339563862928 0.07650444726810673 1.0 0.8669591926283458 0.8669591926283458
svg/svg/g_8/path_111 2.0 1.0 0.0 0.0 0.0 0.6248836241903215 1.0 0.6449030995649367 0.0 0.0 0.1346843853820598 0.03962849872773537 0.1051243654822335 0.07051282051282051 0.9393939393939394 0.5171339563862928 0.07241804320203303 1.0 0.7560333479596313 0.7560333479596314
svg/svg/g_8/path_112 2.0 1.0 0.0 0.0 0.0 0.6248836241903215 1.0 0.6449030995649367 0.0 0.0 0.13470099667774085 0.038755725190839696 0.1095279187817259 0.07051282051282051 0.9393939393939394 0.5171339563862928 0.07418678526048285 1.0 0.8168202427965482 0.8168202427965482
svg/svg/g_8/path_113 2.0 1.0 0.0 0.0 0.0 0.6248836241903215 1.0 0.6449030995649367 0.0 0.0 0.13471760797342192 0.039592875318066156 0.11187055837563452 0.07051282051282051 0.9393939393939394 0.5171339563862928 0.07577763659466327 1.0 0.8341962849202866 0.8341962849202867
svg/svg/g_8/path_114 2.0 1.0 0.0 0.0 0.0 0.6248836241903215 1.0 0.6449030995649367 0.0 0.0 0.134734219269103 0.03893893129770992 0.11050253807106598 0.07051282051282051 0.9393939393939394 0.5171339563862928 0.07476620076238881 1.0 0.825947052800936 0.825947052800936
svg/svg/g_8/path_115 2.0 1.0 0.0 0.0 0.0 0.6248836241903215 1.0 0.6449030995649367 0.0 0.0 0.13475083056478404 0.04069974554707379 0.11050253807106598 0.07051282051282051 0.9393939393939394 0.5171339563862928 0.07564548919949175 1.0 0.8057042562527424 0.8057042562527424
svg/svg/g_8/path_116 2.0 1.0 0.0 0.0 0.0 0.6248836241903215 1.0 0.6449030995649367 0.0 0.0 0.1347674418604651 0.03641730279898219 0.1116751269035533 0.07051282051282051 0.9393939393939394 0.5171339563862928 0.07409402795425667 1.0 0.8684510750329091 0.8684510750329092
svg/svg/g_8/path_117 2.0 1.0 0.0 0.0 0.0 0.6248836241903215 1.0 0.6449030995649367 0.0 0.0 0.1347840531561462 0.04084223918575063 0.11323604060913706 0.07051282051282051 0.9393939393939394 0.5171339563862928 0.0770851334180432 1.0 0.8355711569401784 0.8355711569401785
svg/svg/g_8/path_118 2.0 1.0 0.0 0.0 0.0 0.6248836241903215 1.0 0.6449030995649367 0.0 0.0 0.13480066445182723 0.04170737913486005 0.1126522842639594 0.07051282051282051 0.9393939393939394 0.5171339563862928 0.07722490470139771 1.0 0.8188971771244697 0.8188971771244699
svg/svg/g_8/path_119 2.0 1.0 0.0 0.0 0.0 0.6248836241903215 1.0 0.6449030995649367 0.0 0.0 0.1348172757475083 0.03738422391857506 0.11460406091370559 0.07051282051282051 0.9393939393939394 0.5171339563862928 0.07604320203303686 1.0 0.8910925844668713 0.8910925844668715
svg/svg/g_8/path_120 2.0 1.0 0.0 0.0 0.0 0.6248836241903215 1.0 0.6449030995649367 0.0 0.0 0.13483388704318938 0.03860559796437659 0.11442639593908628 0.07051282051282051 0.9393939393939394 0.5171339563862928 0.07656416772554002 1.0 0.875003656574521 0.8750036565745211
svg/svg/g_8/path_121 2.0 1.0 0.0 0.0 0.0 0.6248836241903215 1.0 0.6449030995649367 0.0 0.0 0.13485049833887044 0.04258778625954199 0.11557868020304568 0.07051282051282051 0.9393939393939394 0.5171339563862928 0.07912960609911054 1.0 0.842504022231973 0.8425040222319731
svg/svg/g_8/path_122 2.0 1.0 0.0 0.0 0.0 0.6248836241903215 1.0 0.6449030995649367 0.0 0.0 0.13486710963455148 0.04086259541984733 0.11245685279187817 0.07051282051282051 0.9393939393939394 0.5171339563862928 0.07670520965692502 1.0 0.8263565891472868 0.8263565891472869
svg/svg/g_8/path_123 2.0 1.0 0.0 0.0 0.0 0.6248836241903215 1.0 0.6449030995649367 0.0 0.0 0.13488372093023254 0.03992875318066157 0.10894162436548224 0.07051282051282051 0.9393939393939394 0.5171339563862928 0.07447903430749682 1.0 0.7965774462483545 0.7965774462483545
svg/svg/g_8/path_124 2.0 1.0 0.0 0.0 0.0 0.6248836241903215 1.0 0.6449030995649367 0.0 0.0 0.13490033222591363 0.04115012722646311 0.113002538071066 0.07051282051282051 0.9393939393939394 0.5171339563862928 0.07712198221092757 1.0 0.8293403539564136 0.8293403539564136
svg/svg/g_8/path_125 2.0 1.0 0.0 0.0 0.0 0.6248836241903215 1.0 0.6449030995649367 0.0 0.0 0.13491694352159467 0.038073791348600505 0.116751269035533 0.07051282051282051 0.9393939393939394 0.5171339563862928 0.07746251588310038 1.0 0.9079128272634196 0.9079128272634197
svg/svg/g_8/path_126 2.0 1.0 0.0 0.0 0.0 0.6248836241903215 1.0 0.6449030995649367 0.0 0.0 0.13493355481727573 0.03816030534351145 0.10679441624365482 0.07051282051282051 0.9393939393939394 0.5171339563862928 0.07252096569250317 1.0 0.7921603042270001 0.7921603042270001
svg/svg/g_8/path_127 2.0 1.0 0.0 0.0 0.0 0.6248836241903215 1.0 0.6449030995649367 0.0 0.0 0.13495016611295682 0.038017811704834606 0.11539086294416244 0.07051282051282051 0.9393939393939394 0.5171339563862928 0.07675349428208386 1.0 0.892876992833114 0.892876992833114
svg/svg/g_8/path_128 2.0 1.0 0.0 0.0 0.0 0.6248836241903215 1.0 0.6449030995649367 0.0 0.0 0.13496677740863786 0.04004325699745547 0.1106979695431472 0.07051282051282051 0.9393939393939394 0.5171339563862928 0.07541550190597204 1.0 0.8155038759689921 0.8155038759689922
svg/svg/g_8/path_129 2.0 1.0 0.0 0.0 0.0 0.6248836241903215 1.0 0.6449030995649367 0.0 0.0 0.13498338870431892 0.040320610687022904 0.11226142131979695 0.07051282051282051 0.9393939393939394 0.5171339563862928 0.07633672172808131 1.0 0.8303349422261226 0.8303349422261226
svg/svg/g_8/path_130 2.0 1.0 0.0 0.0 0.0 0.6248836241903215 1.0 0.6449030995649367 0.0 0.0 0.135 0.03460814249363867 0.10542639593908629 0.07051282051282051 0.9393939393939394 0.5171339563862928 0.07006226175349428 1.0 0.8172297791428988 0.817229779142899
svg/svg/g_8/path_131 2.0 1.0 0.0 0.0 0.0 0.6248836241903215 1.0 0.6449030995649367 0.0 0.0 0.13501661129568107 0.03746819338422392 0.10894162436548224 0.07051282051282051 0.9393939393939394 0.5171339563862928 0.07325031766200762 1.0 0.8248647067427234 0.8248647067427234
svg/svg/g_8/path_132 2.0 1.0 0.0 0.0 0.0 0.6248836241903215 1.0 0.6449030995649367 0.0 0.0 0.1350332225913621 0.03814758269720101 0.11041116751269035 0.07051282051282051 0.9393939393939394 0.5171339563862928 0.07432528589580686 1.0 0.8339915167471114 0.8339915167471114
svg/svg/g_8/path_133 2.0 1.0 0.0 0.0 0.0 0.6248836241903215 1.0 0.6449030995649367 0.0 0.0 0.1350498338870432 0.03312722646310433 0.10425634517766497 0.07051282051282051 0.9393939393939394 0.5171339563862928 0.06873697585768743 1.0 0.8207693432792159 0.820769343279216
svg/svg/g_8/path_134 2.0 1.0 0.0 0.0 0.0 0.6248836241903215 1.0 0.6449030995649367 0.0 0.0 0.13506644518272426 0.031554707379134864 0.10098477157360405 0.07051282051282051 0.9393939393939394 0.5171339563862928 0.0663138500635324 1.0 0.8011408512505485 0.8011408512505486
svg/svg/g_8/path_135 2.0 1.0 0.0 0.0 0.0 0.6248836241903215 1.0 0.6449030995649367 0.0 0.0 0.1350830564784053 0.0366030534351145 0.10913705583756345 0.07051282051282051 0.9393939393939394 0.5171339563862928 0.0729161372299873 1.0 0.8370630393447417 0.8370630393447418
svg/svg/g_8/path_136 2.0 1.0 0.0 0.0 0.0 0.6248836241903215 1.0 0.6449030995649367 0.0 0.0 0.13509966777408636 0.034852417302798984 0.10210913705583756 0.07051282051282051 0.9393939393939394 0.5171339563862928 0.06852350698856416 1.0 0.7761883867193212 0.7761883867193214
svg/svg/g_8/path_137 2.0 1.0 0.0 0.0 0.0 0.6248836241903215 1.0 0.6449030995649367 0.0 0.0 0.13511627906976745 0.037908396946564886 0.10718527918781726 0.07051282051282051 0.9393939393939394 0.5171339563862928 0.07259085133418043 1.0 0.7995612110574812 0.7995612110574813
svg/svg/g_8/path_138 2.0 1.0 0.0 0.0 0.0 0.6248836241903215 1.0 0.6449030995649367 0.0 0.0 0.13513289036544848 0.038089058524173026 0.10803553299492387 0.07051282051282051 0.9393939393939394 0.5171339563862928 0.07310673443456163 1.0 0.8072838964458096 0.8072838964458096
svg/svg/g_8/path_139 2.0 1.0 0.0 0.0 0.0 0.6248836241903215 1.0 0.6449030995649367 0.0 0.0 0.13514950166112955 0.03665394402035624 0.10698984771573604 0.07051282051282051 0.9393939393939394 0.5171339563862928 0.07186658195679797 1.0 0.8117302910633318 0.8117302910633319
svg/svg/g_8/path_140 2.0 1.0 0.0 0.0 0.0 0.6248836241903215 1.0 0.6449030995649367 0.0 0.0 0.13516611295681064 0.03073027989821883 0.10484263959390863 0.07051282051282051 0.9393939393939394 0.5171339563862928 0.06783354510800509 1.0 0.8550826385841743 0.8550826385841743
svg/svg/g_8/path_141 2.0 1.0 0.0 0.0 0.0 0.6248836241903215 1.0 0.6449030995649367 0.0 0.0 0.1351827242524917 0.03272519083969466 0.10113197969543147 0.07051282051282051 0.9393939393939394 0.5171339563862928 0.0669720457433291 1.0 0.7893813075910487 0.7893813075910487
svg/svg/g_8/path_142 2.0 1.0 0.0 0.0 0.0 0.6248836241903215 1.0 0.6449030995649367 0.0 0.0 0.13519933554817273 0.032587786259541986 0.11030964467005076 0.07051282051282051 0.9393939393939394 0.5171339563862928 0.07149809402795426 1.0 0.896738335527278 0.896738335527278
svg/svg/g_8/path_143 2.0 1.0 0.0 0.0 0.0 0.6248836241903215 1.0 0.6449030995649367 0.0 0.0 0.13521594684385382 0.030134860050890586 0.10361928934010152 0.07051282051282051 0.9393939393939394 0.5171339563862928 0.06692376111817028 1.0 0.8478279947345326 0.8478279947345326
svg/svg/g_8/path_144 2.0 1.0 0.0 0.0 0.0 0.6248836241903215 1.0 0.6449030995649367 0.0 0.0 0.1352325581395349 0.029119592875318064 0.10308375634517766 0.07051282051282051 0.9393939393939394 0.5171339563862928 0.06614866581956798 1.0 0.8533274828140996 0.8533274828140996
svg/svg/g_8/path_145 2.0 1.0 0.0 0.0 0.0 0.6248836241903215 1.0 0.6449030995649367 0.0 0.0 0.13524916943521592 0.03694147582697201 0.10191370558375636 0.07051282051282051 0.9393939393939394 0.5171339563862928 0.06946886912325287 1.0 0.7499195553605382 0.7499195553605382
svg/svg/g_8/path_146 2.0 1.0 0.0 0.0 0.0 0.6248836241903215 1.0 0.6449030995649367 0.0 0.0 0.135265780730897 0.03386259541984733 0.10367005076142131 0.07051282051282051 0.9393939393939394 0.5171339563862928 0.06881067344345616 1.0 0.8055579932719028 0.8055579932719028
svg/svg/g_8/path_147 2.0 1.0 0.0 0.0 0.0 0.6248836241903215 1.0 0.6449030995649367 0.0 0.0 0.13528239202657807 0.033267175572519084 0.10717766497461928 0.07051282051282051 0.9393939393939394 0.5171339563862928 0.07026937738246505 1.0 0.8528301886792453 0.8528301886792453
svg/svg/g_8/path_148 2.0 1.0 0.0 0.0 0.0 0.6248836241903215 1.0 0.6449030995649367 0.0 0.0 0.1352990033222591 0.028653944020356235 0.10132741116751269 0.07051282051282051 0.9393939393939394 0.5171339563862928 0.06503684879288436 1.0 0.8384379113646335 0.8384379113646336
svg/svg/g_8/path_149 2.0 1.0 0.0 0.0 0.0 0.6248836241903215 1.0 0.6449030995649367 0.0 0.0 0.1353156146179402 0.030575063613231552 0.10503807106598985 0.07051282051282051 0.9393939393939394 0.5171339563862928 0.067853875476493 1.0 0.8591194968553458 0.8591194968553459
svg/svg/g_8/path_150 2.0 1.0 0.0 0.0 0.0 0.6248836241903215 1.0 0.6449030995649367 0.0 0.0 0.13533222591362126 0.030687022900763358 0.1044517766497462 0.07051282051282051 0.9393939393939394 0.5171339563862928 0.06761626429479034 1.0 0.8510750329091706 0.8510750329091707
svg/svg/g_8/path_151 2.0 1.0 0.0 0.0 0.0 0.6248836241903215 1.0 0.6449030995649367 0.0 0.0 0.13534883720930233 0.024842239185750636 0.09878934010152285 0.07051282051282051 0.9393939393939394 0.5171339563862928 0.06186277001270648 1.0 0.8530057042562528 0.8530057042562528
svg/svg/g_8/path_152 2.0 1.0 0.0 0.0 0.0 0.6248836241903215 1.0 0.6449030995649367 0.0 0.0 0.13536544850498336 0.0314910941475827 0.10171827411167512 0.07051282051282051 0.9393939393939394 0.5171339563862928 0.06664930114358322 1.0 0.8103261664472721 0.8103261664472722
svg/svg/g_8/path_153 2.0 1.0 0.0 0.0 0.0 0.4699998019135155 1.0 0.5918420450051 0.0 0.0 0.13538205980066445 0.03149618320610687 0.10503807106598985 0.07051282051282051 0.9393939393939394 0.5171339563862928 0.0683138500635324 1.0 0.8485300570425625 0.8485300570425626
svg/svg/g_8/path_154 2.0 1.0 0.0 0.0 0.0 0.4699998019135155 1.0 0.5918420450051 0.0 0.0 0.1353986710963455 0.027989821882951654 0.10152284263959391 0.07051282051282051 0.9393939393939394 0.5171339563862928 0.06480304955527319 1.0 0.8483252888693871 0.8483252888693872
svg/svg/g_8/path_155 2.0 1.0 0.0 0.0 0.0 0.4699998019135155 1.0 0.5918420450051 0.0 0.0 0.13541528239202655 0.027374045801526716 0.09656852791878173 0.07051282051282051 0.9393939393939394 0.5171339563862928 0.062015247776365946 1.0 0.7983033494222611 0.7983033494222612
svg/svg/g_8/path_156 2.0 1.0 0.0 0.0 0.0 0.4699998019135155 1.0 0.5918420450051 0.0 0.0 0.13543189368770764 0.027486005089058522 0.09664467005076141 0.07051282051282051 0.9393939393939394 0.5171339563862928 0.062109275730622616 1.0 0.7978938130759105 0.7978938130759105
svg/svg/g_8/path_157 2.0 1.0 0.0 0.0 0.0 0.4699998019135155 1.0 0.5918420450051 0.0 0.0 0.1354485049833887 0.032928753180661574 0.09898477157360407 0.07051282051282051 0.9393939393939394 0.5171339563862928 0.0659987293519695 1.0 0.762293403539564 0.7622934035395642
svg/svg/g_8/path_158 2.0 1.0 0.0 0.0 0.0 0.4699998019135155 1.0 0.5918420450051 0.0 0.0 0.13546511627906976 0.027206106870229008 0.09629441624365481 0.07051282051282051 0.9393939393939394 0.5171339563862928 0.06179415501905972 1.0 0.797074740383209 0.797074740383209
svg/svg/g_8/path_159 2.0 1.0 0.0 0.0 0.0 0.4699998019135155 1.0 0.5918420450051 0.0 0.0 0.13548172757475083 0.027356234096692113 0.09898477157360407 0.07051282051282051 0.9393939393939394 0.5171339563862928 0.06321601016518424 1.0 0.8263565891472868 0.8263565891472869
svg/svg/g_8/path_160 2.0 1.0 0.0 0.0 0.0 0.4699998019135155 1.0 0.5918420450051 0.0 0.0 0.1354983388704319 0.02651653944020356 0.096251269035533 0.07051282051282051 0.9393939393939394 0.5171339563862928 0.061428208386277 1.0 0.8045048998098581 0.8045048998098582
svg/svg/g_8/path_161 2.0 1.0 0.0 0.0 0.0 0.4699998019135155 1.0 0.5918420450051 0.0 0.0 0.13551495016611295 0.027793893129770993 0.10542639593908629 0.07051282051282051 0.9393939393939394 0.5171339563862928 0.0666594663278272 1.0 0.8955682316805615 0.8955682316805617
svg/svg/g_8/path_162 2.0 1.0 0.0 0.0 0.0 0.4699998019135155 1.0 0.5918420450051 0.0 0.0 0.13553156146179401 0.02380407124681934 0.09761928934010153 0.07051282051282051 0.9393939393939394 0.5171339563862928 0.06075857687420585 1.0 0.8514553166593535 0.8514553166593536
svg/svg/g_8/path_163 2.0 1.0 0.0 0.0 0.0 0.4699998019135155 1.0 0.5918420450051 0.0 0.0 0.13554817275747508 0.027142493638676844 0.09546954314720811 0.07051282051282051 0.9393939393939394 0.5171339563862928 0.06134942820838628 1.0 0.7882989615328361 0.788298961532836
svg/svg/g_8/path_164 2.0 1.0 0.0 0.0 0.0 0.4699998019135155 1.0 0.5918420450051 0.0 0.0 0.13556478405315614 0.023389312977099237 0.09976649746192894 0.07051282051282051 0.9393939393939394 0.5171339563862928 0.06162642947903431 1.0 0.8809711861927746 0.8809711861927746
svg/svg/g_8/path_165 2.0 1.0 0.0 0.0 0.0 0.4699998019135155 1.0 0.5918420450051 0.0 0.0 0.1355813953488372 0.02719592875318066 0.10230456852791878 0.07051282051282051 0.9393939393939394 0.5171339563862928 0.06479796696315121 1.0 0.8664618984934912 0.8664618984934913
svg/svg/g_8/path_166 2.0 1.0 0.0 0.0 0.0 0.4699998019135155 1.0 0.5918420450051 0.0 0.0 0.13559800664451827 0.02730534351145038 0.09761167512690355 0.07051282051282051 0.9393939393939394 0.5171339563862928 0.06250317662007623 1.0 0.8111159865438057 0.8111159865438057
svg/svg/g_8/path_167 2.0 1.0 0.0 0.0 0.0 0.4699998019135155 1.0 0.5918420450051 0.0 0.0 0.13561461794019933 0.02481679389312977 0.0978248730964467 0.07051282051282051 0.9393939393939394 0.5171339563862928 0.061367217280813215 1.0 0.842182243674126 0.8421822436741261
svg/svg/g_8/path_168 2.0 1.0 0.0 0.0 0.0 0.3169383752946537 1.0 0.520410499802244 0.17808219178082194 0.0 0.1356312292358804 0.024274809160305343 0.09488578680203047 0.07051282051282051 0.9393939393939394 0.5171339563862928 0.05962515883100381 1.0 0.8145385402954511 0.8145385402954513
svg/svg/g_8/path_169 2.0 1.0 0.0 0.0 0.0 0.3169383752946537 1.0 0.520410499802244 0.17808219178082194 0.0 0.13564784053156145 0.021127226463104325 0.08746700507614213 0.07051282051282051 0.9393939393939394 0.5171339563862928 0.05433926302414231 1.0 0.765218663156355 0.7652186631563552
svg/svg/g_8/path_170 2.0 1.0 0.0 0.0 0.0 0.3169383752946537 1.0 0.520410499802244 0.17808219178082194 0.0 0.13566445182724252 0.022435114503816793 0.09039340101522841 0.07051282051282051 0.9393939393939394 0.5171339563862928 0.056457433290978395 1.0 0.7839110721076495 0.7839110721076495
svg/svg/g_8/path_171 2.0 1.0 0.0 0.0 0.0 0.3169383752946537 1.0 0.520410499802244 0.17808219178082194 0.0 0.13568106312292358 0.023330788804071245 0.09469035532994924 0.07051282051282051 0.9393939393939394 0.5171339563862928 0.059055908513341804 1.0 0.8231388035688166 0.8231388035688167
svg/svg/g_8/path_172 2.0 1.0 0.0 0.0 0.0 0.3169383752946537 1.0 0.520410499802244 0.17808219178082194 0.0 0.13569767441860464 0.02033078880407125 0.0931269035532995 0.07051282051282051 0.9393939393939394 0.5171339563862928 0.056775095298602286 1.0 0.8396080152113499 0.8396080152113501
svg/svg/g_8/path_173 2.0 1.0 0.0 0.0 0.0 0.3169383752946537 1.0 0.520410499802244 0.17808219178082194 0.0 0.1357142857142857 0.021055979643765904 0.08980964467005077 0.07051282051282051 0.9393939393939394 0.5171339563862928 0.05547649301143583 1.0 0.7930378821120374 0.7930378821120374
svg/svg/g_8/path_174 2.0 1.0 0.0 0.0 0.0 0.3169383752946537 1.0 0.520410499802244 0.17808219178082194 0.0 0.13573089700996677 0.02142748091603053 0.09571827411167512 0.07051282051282051 0.9393939393939394 0.5171339563862928 0.058620076238881824 1.0 0.8568670469504168 0.8568670469504169
svg/svg/g_8/path_175 2.0 1.0 0.0 0.0 0.0 0.3169383752946537 1.0 0.520410499802244 0.17808219178082194 0.0 0.13574750830564786 0.020783715012722647 0.0933756345177665 0.07051282051282051 0.9393939393939394 0.5171339563862928 0.05712579415501906 1.0 0.8372678075179172 0.8372678075179173
svg/svg/g_8/path_176 2.0 1.0 0.0 0.0 0.0 0.3169383752946537 1.0 0.520410499802244 0.17808219178082194 0.0 0.1357641196013289 0.01437913486005089 0.09371319796954315 0.07051282051282051 0.6198333333333333 0.3528738317757009 0.054096569250317666 0.6363620689655172 0.9147871873628785 0.5821358682220978
svg/svg/g_9/text_5 9.0 1.0 0.0 0.0 0.0 0.0 0.0 0.0 0.04109589041095891 0.0 0.1495016611295681 0.13749618320610688 0.13968527918781726 1.0 1.0 1.0 0.13859212198221094 0.06896551724137931 0.0292525961679099 0.002017420425373097
svg/svg/g_9/text_6 9.0 1.0 0.0 0.0 0.0 0.0 0.0 0.0 0.04109589041095891 0.0 0.1511627906976744 0.13749618320610688 0.13968527918781726 0.9155016025641026 0.9201106060606061 0.9178707165109035 0.13859212198221094 0.06896551724137931 0.0292525961679099 0.002017420425373097
svg/svg/g_9/text_7 9.0 1.0 0.0 0.0 0.0 0.0 0.0 0.0 0.04109589041095891 0.0 0.1528239202657807 0.13749618320610688 0.13968527918781726 0.8310016025641025 0.8402196969696969 0.8357398753894081 0.13859212198221094 0.06896551724137931 0.0292525961679099 0.002017420425373097
svg/svg/g_9/text_8 9.0 1.0 0.0 0.0 0.0 0.0 0.0 0.0 0.04109589041095891 0.0 0.15448504983388706 0.13749618320610688 0.13968527918781726 0.7465032051282051 0.760330303030303 0.7536105919003115 0.13859212198221094 0.06896551724137931 0.0292525961679099 0.002017420425373097
svg/svg/g_9/text_9 9.0 1.0 0.0 0.0 0.0 0.0 0.0 0.0 0.04109589041095891 0.0 0.15614617940199335 0.13749618320610688 0.13968527918781726 0.6620048076923077 0.6804409090909092 0.671481308411215 0.13859212198221094 0.06896551724137931 0.0292525961679099 0.002017420425373097
svg/svg/g_9/text_10 9.0 1.0 0.0 0.0 0.0 0.0 0.0 0.0 0.04109589041095891 0.0 0.15780730897009965 0.13749618320610688 0.13968527918781726 0.5775064102564103 0.6005515151515152 0.5893520249221184 0.13859212198221094 0.06896551724137931 0.0292525961679099 0.002017420425373097
svg/svg/g_9/text_11 9.0 1.0 0.0 0.0 0.0 0.0 0.0 0.0 0.04109589041095891 0.0 0.15946843853820597 0.13749618320610688 0.13968527918781726 0.4930064102564103 0.520660606060606 0.5072211838006231 0.13859212198221094 0.06896551724137931 0.0292525961679099 0.002017420425373097
svg/svg/g_9/text_12 9.0 1.0 0.0 0.0 0.0 0.0 0.0 0.0 0.04109589041095891 0.0 0.16112956810631227 0.13749618320610688 0.13968527918781726 0.4085080128205128 0.4407712121212121 0.4250919003115265 0.13859212198221094 0.06896551724137931 0.0292525961679099 0.002017420425373097
svg/svg/g_9/text_13 9.0 1.0 0.0 0.0 0.0 0.0 0.0 0.0 0.04109589041095891 0.0 0.16279069767441862 0.13749618320610688 0.13968527918781726 0.32400961538461537 0.36088181818181814 0.3429626168224299 0.13859212198221094 0.06896551724137931 0.0292525961679099 0.002017420425373097
svg/svg/g_9/text_14 9.0 1.0 0.0 0.0 0.0 0.0 0.0 0.0 0.04109589041095891 0.0 0.1644518272425249 0.13749618320610688 0.13968527918781726 0.23951121794871796 0.28099242424242427 0.26083333333333336 0.13859212198221094 0.06896551724137931 0.0292525961679099 0.002017420425373097
svg/svg/g_9/text_15 9.0 1.0 0.0 0.0 0.0 0.0 0.0 0.0 0.04109589041095891 0.0 0.1511627906976744 0.13749618320610688 0.13968527918781726 0.15501121794871794 0.20110151515151517 0.178702492211838 0.13859212198221094 0.06896551724137931 0.0292525961679099 0.002017420425373097
svg/svg/g_9/text_16 9.0 1.0 0.0 0.0 0.0 0.0 0.0 0.0 0.04109589041095891 0.0 0.15132890365448504 0.13749618320610688 0.13968527918781726 0.07051282051282051 0.12121212121212122 0.09657320872274143 0.13859212198221094 0.06896551724137931 0.0292525961679099 0.002017420425373097
svg/svg/g_10/path_177 2.0 1.0 0.0 0.0 0.0 0.0 0.0 0.0 0.04109589041095891 0.0 0.16611295681063123 0.0 0.0015228426395939086 0.00641025641025641 0.0 0.003115264797507788 0.0007623888182973316 0.0 0.01755155770074594 0.0
svg/svg/g_10/path_178 2.0 1.0 0.0 0.0 0.0 0.0 0.0 0.0 0.04109589041095891 0.0 0.16777408637873753 0.0 0.0015228426395939086 0.00641025641025641 0.0 0.003115264797507788 0.0007623888182973316 0.0 0.01755155770074594 0.0
svg/svg/g_10/path_179 2.0 1.0 0.0 0.0 0.0 0.0 0.0 0.0 0.04109589041095891 0.0 0.16943521594684383 0.0 0.0015228426395939086 0.00641025641025641 0.0 0.003115264797507788 0.0007623888182973316 0.0 0.01755155770074594 0.0
svg/svg/g_10/path_180 2.0 1.0 0.0 0.0 0.0 0.0 0.0 0.0 0.04109589041095891 0.0 0.17109634551495018 0.0 0.0015228426395939086 0.00641025641025641 0.0 0.003115264797507788 0.0007623888182973316 0.0 0.01755155770074594 0.0
svg/svg/g_10/path_181 2.0 1.0 0.0 0.0 0.0 0.0 0.0 0.0 0.04109589041095891 0.0 0.17275747508305647 0.0 0.0015228426395939086 0.00641025641025641 0.0 0.003115264797507788 0.0007623888182973316 0.0 0.01755155770074594 0.0
svg/svg/g_10/path_182 2.0 1.0 0.0 0.0 0.0 0.0 0.0 0.0 0.04109589041095891 0.0 0.1744186046511628 0.0 0.0015228426395939086 0.00641025641025641 0.0 0.003115264797507788 0.0007623888182973316 0.0 0.01755155770074594 0.0
svg/svg/g_10/path_183 2.0 1.0 0.0 0.0 0.0 0.0 0.0 0.0 0.04109589041095891 0.0 0.1760797342192691 0.0 0.0015228426395939086 0.00641025641025641 0.0 0.003115264797507788 0.0007623888182973316 0.0 0.01755155770074594 0.0
svg/svg/g_10/path_184 2.0 1.0 0.0 0.0 0.0 0.0 0.0 0.0 0.04109589041095891 0.0 0.17774086378737539 0.0 0.0015228426395939086 0.00641025641025641 0.0 0.003115264797507788 0.0007623888182973316 0.0 0.01755155770074594 0.0
svg/svg/g_10/path_185 2.0 1.0 0.0 0.0 0.0 0.0 0.0 0.0 0.04109589041095891 0.0 0.17940199335548174 0.0 0.0015228426395939086 0.00641025641025641 0.0 0.003115264797507788 0.0007623888182973316 0.0 0.01755155770074594 0.0
svg/svg/g_10/path_186 2.0 1.0 0.0 0.0 0.0 0.0 0.0 0.0 0.04109589041095891 0.0 0.18106312292358803 0.0 0.0015228426395939086 0.00641025641025641 0.0 0.003115264797507788 0.0007623888182973316 0.0 0.01755155770074594 0.0
svg/svg/g_10/path_187 2.0 1.0 0.0 0.0 0.0 0.0 0.0 0.0 0.04109589041095891 0.0 0.16777408637873753 0.0 0.0015228426395939086 0.00641025641025641 0.0 0.003115264797507788 0.0007623888182973316 0.0 0.01755155770074594 0.0
svg/svg/g_10/path_188 2.0 1.0 0.0 0.0 0.0 0.0 0.0 0.0 0.04109589041095891 0.0 0.16794019933554816 0.0 0.0015228426395939086 0.00641025641025641 0.0 0.003115264797507788 0.0007623888182973316 0.0 0.01755155770074594 0.0
svg/svg/g_11/text_17 9.0 1.0 0.0 0.0 0.0 0.0 0.0 0.0 0.04109589041095891 0.0 0.18272425249169436 0.0036539440203562337 0.006182741116751269 0.011217948717948718 0.06515151515151515 0.03894080996884735 0.00491994917407878 0.06896551724137931 0.0292525961679099 0.002017420425373097
svg/svg/g_12/text_18 9.0 1.0 0.0 0.0 0.0 0.0 0.0 0.0 0.04109589041095891 0.0 0.19933554817275748 0.010306615776081426 0.012818527918781726 0.05608974358974359 0.10757575757575757 0.08255451713395638 0.011564167725540026 0.06896551724137931 0.0292525961679099 0.002017420425373097
svg/svg/g_12/text_19 9.0 1.0 0.0 0.0 0.0 0.0 0.0 0.0 0.04109589041095891 0.0 0.20099667774086377 0.020093129770992365 0.02258020304568528 0.05608974358974359 0.10757575757575757 0.08255451713395638 0.021338246505717914 0.06896551724137931 0.0292525961679099 0.002017420425373097
svg/svg/g_12/text_20 9.0 1.0 0.0 0.0 0.0 0.0 0.0 0.0 0.04109589041095891 0.0 0.20265780730897007 0.029879898218829515 0.03234213197969543 0.05608974358974359 0.10757575757575757 0.08255451713395638 0.031112579415501905 0.06896551724137931 0.0292525961679099 0.002017420425373097
svg/svg/g_12/text_21 9.0 1.0 0.0 0.0 0.0 0.0 0.0 0.0 0.04109589041095891 0.0 0.20431893687707642 0.03966641221374046 0.04210380710659899 0.05608974358974359 0.10757575757575757 0.08255451713395638 0.0408866581956798 0.06896551724137931 0.0292525961679099 0.002017420425373097
svg/svg/g_12/text_22 9.0 1.0 0.0 0.0 0.0 0.0 0.0 0.0 0.04109589041095891 0.0 0.2059800664451827 0.049453180661577605 0.05186573604060914 0.05608974358974359 0.10757575757575757 0.08255451713395638 0.050660991105463786 0.06896551724137931 0.0292525961679099 0.002017420425373097
svg/svg/g_12/text_23 9.0 1.0 0.0 0.0 0.0 0.0 0.0 0.0 0.04109589041095891 0.0 0.20764119601328904 0.059239694656488553 0.06162741116751269 0.05608974358974359 0.10757575757575757 0.08255451713395638 0.06043506988564168 0.06896551724137931 0.0292525961679099 0.002017420425373097
svg/svg/g_12/text_24 9.0 1.0 0.0 0.0 0.0 0.0 0.0 0.0 0.04109589041095891 0.0 0.20930232558139533 0.0690264631043257 0.07138934010152284 0.05608974358974359 0.10757575757575757 0.08255451713395638 0.07020940279542567 0.06896551724137931 0.0292525961679099 0.002017420425373097
svg/svg/g_12/text_25 9.0 1.0 0.0 0.0 0.0 0.0 0.0 0.0 0.04109589041095891 0.0 0.21096345514950163 0.07881297709923664 0.0811510152284264 0.05608974358974359 0.10757575757575757 0.08255451713395638 0.07998348157560356 0.06896551724137931 0.0292525961679099 0.002017420425373097
svg/svg/g_12/text_26 9.0 1.0 0.0 0.0 0.0 0.0 0.0 0.0 0.04109589041095891 0.0 0.21262458471760798 0.0885997455470738 0.09091294416243655 0.05608974358974359 0.10757575757575757 0.08255451713395638 0.08975781448538755 0.06896551724137931 0.0292525961679099 0.002017420425373097
svg/svg/g_12/text_27 9.0 1.0 0.0 0.0 0.0 0.0 0.0 0.0 0.04109589041095891 0.0 0.21428571428571427 0.09838625954198474 0.1006746192893401 0.05608974358974359 0.10757575757575757 0.08255451713395638 0.09953189326556544 0.06896551724137931 0.0292525961679099 0.002017420425373097
svg/svg/g_12/text_28 9.0 1.0 0.0 0.0 0.0 0.0 0.0 0.0 0.04109589041095891 0.0 0.20099667774086377 0.10817302798982188 0.11043654822335025 0.05608974358974359 0.10757575757575757 0.08255451713395638 0.10930622617534944 0.06896551724137931 0.0292525961679099 0.002017420425373097
svg/svg/g_12/text_29 9.0 1.0 0.0 0.0 0.0 0.0 0.0 0.0 0.04109589041095891 0.0 0.2011627906976744 0.11795979643765903 0.1201984771573604 0.05608974358974359 0.10757575757575757 0.08255451713395638 0.11908055908513342 0.06896551724137931 0.0292525961679099 0.002017420425373097
svg/svg/g_12/text_30 9.0 1.0 0.0 0.0 0.0 0.0 0.0 0.0 0.04109589041095891 0.0 0.20132890365448503 0.12774631043256998 0.12996015228426397 0.05608974358974359 0.10757575757575757 0.08255451713395638 0.12885463786531132 0.06896551724137931 0.0292525961679099 0.002017420425373097
svg/svg/g_13/path_189 2.0 1.0 0.0 0.0 0.0 0.0 0.0 0.0 0.04109589041095891 0.0 0.2159468438538206 0.0 0.0 0.0 0.0 0.0 0.0 0.006896551724137931 0.0 0.0
svg/svg/g_13/path_190 2.0 1.0 0.0 0.0 0.0 0.0 0.0 0.0 0.04109589041095891 0.0 0.2176079734219269 0.0 0.0 0.0 0.0 0.0 0.0 0.006896551724137931 0.0 0.0
svg/svg/g_13/path_191 2.0 1.0 0.0 0.0 0.0 0.0 0.0 0.0 0.04109589041095891 0.0 0.2192691029900332 0.0 0.0 0.0 0.0 0.0 0.0 0.006896551724137931 0.0 0.0
svg/svg/g_13/path_192 2.0 1.0 0.0 0.0 0.0 0.0 0.0 0.0 0.04109589041095891 0.0 0.22093023255813954 0.0 0.0 0.0 0.0 0.0 0.0 0.006896551724137931 0.0 0.0
svg/svg/g_13/path_193 2.0 1.0 0.0 0.0 0.0 0.0 0.0 0.0 0.04109589041095891 0.0 0.22259136212624583 0.0 0.0 0.0 0.0 0.0 0.0 0.006896551724137931 0.0 0.0
svg/svg/g_13/path_194 2.0 1.0 0.0 0.0 0.0 0.0 0.0 0.0 0.04109589041095891 0.0 0.22425249169435216 0.0 0.0 0.0 0.0 0.0 0.0 0.006896551724137931 0.0 0.0
svg/svg/g_13/path_195 2.0 1.0 0.0 0.0 0.0 0.0 0.0 0.0 0.04109589041095891 0.0 0.22591362126245845 0.0 0.0 0.0 0.0 0.0 0.0 0.006896551724137931 0.0 0.0
svg/svg/g_13/path_196 2.0 1.0 0.0 0.0 0.0 0.0 0.0 0.0 0.04109589041095891 0.0 0.22757475083056475 0.0 0.0 0.0 0.0 0.0 0.0 0.006896551724137931 0.0 0.0
svg/svg/g_13/path_197 2.0 1.0 0.0 0.0 0.0 0.0 0.0 0.0 0.04109589041095891 0.0 0.2292358803986711 0.0 0.0 0.0 0.0 0.0 0.0 0.006896551724137931 0.0 0.0
svg/svg/g_13/path_198 2.0 1.0 0.0 0.0 0.0 0.0 0.0 0.0 0.04109589041095891 0.0 0.2308970099667774 0.0 0.0 0.0 0.0 0.0 0.0 0.006896551724137931 0.0 0.0
svg/svg/g_13/path_199 2.0 1.0 0.0 0.0 0.0 0.0 0.0 0.0 0.04109589041095891 0.0 0.2176079734219269 0.0 0.0 0.0 0.0 0.0 0.0 0.006896551724137931 0.0 0.0
svg/svg/g_13/path_200 2.0 1.0 0.0 0.0 0.0 0.0 0.0 0.0 0.04109589041095891 0.0 0.21777408637873752 0.0 0.0 0.0 0.0 0.0 0.0 0.006896551724137931 0.0 0.0
svg/svg/g_13/path_201 2.0 1.0 0.0 0.0 0.0 0.0 0.0 0.0 0.04109589041095891 0.0 0.21794019933554815 0.0 0.0 0.0 0.0 0.0 0.0 0.006896551724137931 0.0 0.0
svg/svg/g_14/line 6.0 1.0 0.0 0.0 0.0 0.0 0.0 0.0 0.04109589041095891 0.0 0.23255813953488372 0.00900381679389313 0.008980964467005076 0.07051282051282051 0.9393939393939394 0.5171339563862928 0.008992376111817026 1.0 0.0 0.0
svg/svg/g_14/line_1 6.0 1.0 0.0 0.0 0.0 0.0 0.0 0.0 0.04109589041095891 0.0 0.23421926910299 0.01879033078880407 0.01874263959390863 0.07051282051282051 0.9393939393939394 0.5171339563862928 0.018766454891994917 1.0 0.0 0.0
svg/svg/g_14/line_2 6.0 1.0 0.0 0.0 0.0 0.0 0.0 0.0 0.04109589041095891 0.0 0.23588039867109634 0.028577099236641222 0.028504568527918783 0.07051282051282051 0.9393939393939394 0.5171339563862928 0.02854078780177891 1.0 0.0 0.0
svg/svg/g_14/line_3 6.0 1.0 0.0 0.0 0.0 0.0 0.0 0.0 0.04109589041095891 0.0 0.23754152823920266 0.038363613231552164 0.038266243654822334 0.07051282051282051 0.9393939393939394 0.5171339563862928 0.0383148665819568 1.0 0.0 0.0
svg/svg/g_14/line_4 6.0 1.0 0.0 0.0 0.0 0.0 0.0 0.0 0.04109589041095891 0.0 0.23920265780730895 0.048150381679389315 0.048028172588832484 0.07051282051282051 0.9393939393939394 0.5171339563862928 0.048089199491740786 1.0 0.0 0.0
svg/svg/g_14/line_5 6.0 1.0 0.0 0.0 0.0 0.0 0.0 0.0 0.04109589041095891 0.0 0.24086378737541528 0.05793689567430026 0.057789847715736045 0.07051282051282051 0.9393939393939394 0.5171339563862928 0.05786327827191868 1.0 0.0 0.0
svg/svg/g_14/line_6 6.0 1.0 0.0 0.0 0.0 0.0 0.0 0.0 0.04109589041095891 0.0 0.24252491694352157 0.0677236641221374 0.0675517766497462 0.07051282051282051 0.9393939393939394 0.5171339563862928 0.06763761118170267 1.0 0.0 0.0
svg/svg/g_14/line_7 6.0 1.0 0.0 0.0 0.0 0.0 0.0 0.0 0.04109589041095891 0.0 0.2441860465116279 0.07751017811704834 0.07731345177664975 0.07051282051282051 0.9393939393939394 0.5171339563862928 0.07741168996188057 1.0 0.0 0.0
svg/svg/g_14/line_8 6.0 1.0 0.0 0.0 0.0 0.0 0.0 0.0 0.04109589041095891 0.0 0.24584717607973422 0.0872969465648855 0.0870753807106599 0.07051282051282051 0.9393939393939394 0.5171339563862928 0.08718602287166455 1.0 0.0 0.0
svg/svg/g_14/line_9 6.0 1.0 0.0 0.0 0.0 0.0 0.0 0.0 0.04109589041095891 0.0 0.24750830564784052 0.09708346055979644 0.09683705583756345 0.07051282051282051 0.9393939393939394 0.5171339563862928 0.09696010165184245 1.0 0.0 0.0
svg/svg/g_14/line_10 6.0 1.0 0.0 0.0 0.0 0.0 0.0 0.0 0.04109589041095891 0.0 0.23421926910299 0.10687022900763359 0.1065989847715736 0.07051282051282051 0.9393939393939394 0.5171339563862928 0.10673443456162643 1.0 0.0 0.0
svg/svg/g_14/line_11 6.0 1.0 0.0 0.0 0.0 0.0 0.0 0.0 0.04109589041095891 0.0 0.23438538205980064 0.11665699745547073 0.11636091370558375 0.07051282051282051 0.9393939393939394 0.5171339563862928 0.11650876747141041 1.0 0.0 0.0
svg/svg/g_14/line_12 6.0 1.0 0.0 0.0 0.0 0.0 0.0 0.0 0.04109589041095891 0.0 0.23455149501661127 0.12644351145038168 0.1261225888324873 0.07051282051282051 0.9393939393939394 0.5171339563862928 0.1262828462515883 1.0 0.0 0.0
