svg/svg/g/g_1/g_2/path 2.0 1.0 0.0 0.0 0.0 0.0 0.0 0.0 0.0 0.0 0.0 0.014771048744460856 0.012033694344163659 0.006265664160401002 0.0059665871121718375 0.006112469437652812 0.014534883720930232 0.0 0.0 0.0
svg/svg/g/g_1/g_2/g_3/g_4/g_5/path_1 2.0 1.0 0.0 0.0 0.0 0.0 0.0 0.0 0.0 0.0 9.989001997922365e-09 0.014771048744460856 0.012033694344163659 0.006265664160401002 0.0059665871121718375 0.006112469437652812 0.014534883720930232 0.0 0.0 0.0
svg/svg/g/g_1/g_2/g_3/g_4/g_5/g_6/g_7/text 9.0 1.0 0.0 0.0 0.0 0.0 0.0 0.0 0.0 0.0 9.998990999920289e-07 0.07090103397341212 0.0842358604091456 0.9799498746867168 0.9809069212410502 0.980440097799511 0.08575581395348837 0.06060606060606061 0.055 1.0
svg/svg/g/g_1/g_2/g_3/g_4/g_5/g_6/g_8/g_9/path_2 2.0 1.0 0.0 0.0 0.0 0.0 0.0 0.0 0.0 0.0 9.99998990012008e-06 0.014771048744460856 0.012033694344163659 0.006265664160401002 0.0059665871121718375 0.006112469437652812 0.014534883720930232 0.0 0.0 0.0
svg/svg/g/g_1/g_2/g_3/g_4/g_5/g_6/g_8/g_9/g_10/g_11/g_12/path_3 2.0 1.0 0.0 0.0 0.0 0.0 0.0 0.0 0.0 0.0 0.009999999889122077 0.014771048744460856 0.012033694344163659 0.006265664160401002 0.0059665871121718375 0.006112469437652812 0.014534883720930232 0.0 0.0 0.0
svg/svg/g/g_1/g_2/g_3/g_4/g_5/g_6/g_8/g_9/g_10/g_11/g_12/g_13/g_14/text_1 9.0 1.0 0.0 0.0 0.0 0.0 0.0 0.0 0.0 0.0 0.999999989911108 0.15657311669128507 0.15162454873646208 1.0 1.0 1.0 0.1686046511627907 0.06060606060606061 0.05 0.9090909090909091
svg/svg/g/g_1/g_2/g_3/g_4/g_5/g_6/g_8/g_9/g_10/g_11/g_12/g_13/g_15/path_4 2.0 1.0 0.1400494074887366 1.0 1.0 0.0 0.0 0.0 1.0 0.0 0.999999990010998 0.0 0.0 0.0 0.0 0.0 0.0 0.0 0.0 0.0
svg/svg/g/g_1/g_2/g_3/g_4/g_5/g_6/g_8/g_9/g_10/g_11/g_12/path_5 2.0 1.0 0.0 0.0 0.0 0.0 0.0 0.0 0.0 0.0 0.009999999909100082 0.014771048744460856 0.012033694344163659 0.006265664160401002 0.0059665871121718375 0.006112469437652812 0.014534883720930232 0.0 0.0 0.0
svg/svg/g/g_1/g_2/g_3/g_4/g_5/g_6/g_8/g_9/g_10/g_11/g_16/path_6 2.0 1.0 0.0 0.0 0.0 0.0 0.0 0.0 0.0 0.0 0.009999999989012099 0.014771048744460856 0.012033694344163659 0.006265664160401002 0.0059665871121718375 0.006112469437652812 0.014534883720930232 0.0 0.0 0.0
svg/svg/g/g_1/g_2/g_3/g_4/g_5/g_6/g_8/g_9/g_10/g_11/g_16/g_17/g_18/text_2 9.0 1.0 0.0 0.0 0.0 0.0 0.0 0.0 0.0 0.0 0.99999999990011 0.11816838995568685 0.12033694344163658 1.0 1.0 1.0 0.1308139534883721 0.06060606060606061 0.05 0.9090909090909091
svg/svg/g/g_1/g_2/g_3/g_4/g_5/g_6/g_8/g_9/g_10/g_11/g_16/g_17/g_19/path_7 2.0 1.0 1.0 0.4111732696480955 0.9070622807849086 0.0 0.0 0.0 1.0 0.0 1.0 0.0 0.0 0.0 0.0 0.0 0.0 0.0 0.0 0.0
svg/svg/g/g_1/g_2/g_3/g_4/g_5/g_6/g_8/g_9/g_10/g_11/g_16/path_8 2.0 1.0 0.0 0.0 0.0 0.0 0.0 0.0 0.0 0.0 0.010000000008990102 0.014771048744460856 0.012033694344163659 0.006265664160401002 0.0059665871121718375 0.006112469437652812 0.014534883720930232 0.0 0.0 0.0
svg/svg/g/g_1/g_2/g_3/g_4/g_5/g_6/g_8/g_9/path_9 2.0 1.0 0.0 0.0 0.0 0.0 0.0 0.0 0.0 0.0 1.0000009878124075e-05 0.014771048744460856 0.012033694344163659 0.006265664160401002 0.0059665871121718375 0.006112469437652812 0.014534883720930232 0.0 0.0 0.0
svg/svg/g/g_1/g_2/g_3/g_4/g_5/path_10 2.0 1.0 0.0 0.0 0.0 0.0 0.0 0.0 0.0 0.0 1.0008980001918211e-08 0.014771048744460856 0.012033694344163659 0.006265664160401002 0.0059665871121718375 0.006112469437652812 0.014534883720930232 0.0 0.0 0.0
svg/svg/g/g_1/g_2/g_3/g_20/path_11 2.0 1.0 0.1400494074887366 1.0 1.0 0.0 0.0 0.0 0.0 0.0 1.0987902197714602e-09 0.6044608567208272 0.4924428399518653 0.35714285714285715 0.34009546539379476 0.3484107579462103 0.594796511627907 0.0 0.0 0.0
svg/svg/g/g_1/g_2/g_3/g_20/path_12 2.0 1.0 0.1400494074887366 1.0 1.0 0.0 0.0 0.0 0.0 0.0 1.1087792217693826e-09 0.6014180206794683 0.48996389891696757 0.23182957393483708 0.220763723150358 0.22616136919315402 0.5918023255813953 0.0 0.0 0.0
svg/svg/g/g_1/g_2/g_3/g_20/path_13 2.0 1.0 0.1400494074887366 1.0 1.0 0.0 0.0 0.0 0.0 0.0 1.1187682237673047e-09 0.602274741506647 0.490661853188929 0.4197994987468672 0.3997613365155131 0.4095354523227384 0.5926453488372093 0.0 0.0 0.0
svg/svg/g/g_1/g_2/g_3/g_20/path_14 2.0 1.0 0.1400494074887366 1.0 1.0 0.0 0.0 0.0 0.0 0.0 1.1287572257652274e-09 0.597695716395864 0.48693140794223827 0.7957393483709273 0.7577565632458234 0.7762836185819071 0.588139534883721 0.0 0.0 0.0
svg/svg/g/g_1/g_2/g_3/g_20/path_15 2.0 1.0 0.1400494074887366 1.0 1.0 0.0 0.0 0.0 0.0 0.0 1.1387462277631497e-09 0.5399999999999999 0.439927797833935 0.5451127819548872 0.5190930787589498 0.5317848410757946 0.5313662790697674 0.0 0.0 0.0
svg/svg/g/g_1/g_2/g_3/g_20/path_16 2.0 1.0 0.1400494074887366 1.0 1.0 0.0 0.0 0.0 0.0 0.0 1.148735229761072e-09 0.5536779911373707 0.45107099879663054 0.6704260651629073 0.6384248210023866 0.6540342298288508 0.5448255813953488 0.0 0.0 0.0
svg/svg/g/g_1/g_2/g_3/g_20/path_17 2.0 1.0 0.1400494074887366 1.0 1.0 0.0 0.0 0.0 0.0 0.0 1.1587242317589943e-09 0.3774593796159527 0.30750902527075813 0.10651629072681704 0.10143198090692124 0.1039119804400978 0.37142441860465114 0.0 0.0 0.0
svg/svg/g/g_1/g_2/g_3/g_20/path_18 2.0 1.0 0.1400494074887366 1.0 1.0 0.0 0.0 0.0 0.0 0.0 1.1687132337569167e-09 0.3640472673559823 0.2965824308062575 0.16917293233082706 0.1610978520286396 0.16503667481662593 0.3582267441860465 0.0 0.0 0.0
svg/svg/g/g_1/g_2/g_3/g_20/path_19 2.0 1.0 0.1400494074887366 1.0 1.0 0.0 0.0 0.0 0.0 0.0 1.1787022357548391e-09 0.5240768094534712 0.4269554753309266 0.7330827067669173 0.698090692124105 0.715158924205379 0.5156976744186047 0.0 0.0 0.0
svg/svg/g/g_1/g_2/g_3/g_20/path_20 2.0 1.0 0.1400494074887366 1.0 1.0 0.0 0.0 0.0 0.0 0.0 1.1886912377527615e-09 0.5862629246676514 0.47761732851985556 0.6077694235588973 0.5787589498806682 0.5929095354523227 0.5768895348837209 0.0 0.0 0.0
svg/svg/g/g_1/g_2/g_3/g_20/path_21 2.0 1.0 0.1400494074887366 1.0 1.0 0.0 0.0 0.0 0.0 0.0 1.1087792217693826e-09 0.3449926144756278 0.2810589651022864 0.29448621553884713 0.28042959427207637 0.28728606356968217 0.3394767441860465 0.0 0.0 0.0
svg/svg/g/g_1/g_2/g_3/g_20/path_22 2.0 1.0 0.1400494074887366 1.0 1.0 0.0 0.0 0.0 0.0 0.0 1.1097781219691748e-09 0.41096011816839 0.33480144404332135 0.4824561403508772 0.4594272076372315 0.4706601466992665 0.404389534883721 0.0 0.0 0.0
svg/svg/g/g_1/g_2/g_3/g_20/path_23 2.0 1.0 0.1400494074887366 1.0 1.0 0.0 0.0 0.0 0.0 0.0 1.110777022168967e-09 0.5794091580502215 0.47203369434416365 0.043859649122807015 0.041766109785202864 0.042787286063569685 0.5701453488372092 0.0 0.0 0.0
svg/svg/g/g_1/g_2/g_3/g_21/path_24 2.0 1.0 1.0 0.4111732696480955 0.9070622807849086 0.0 0.0 0.0 0.0 0.0 1.198680239750684e-09 0.6043131462333826 0.4923225030084236 0.33208020050125314 0.3162291169451074 0.32396088019559904 0.5946511627906976 0.0 0.0 0.0
svg/svg/g/g_1/g_2/g_3/g_21/path_25 2.0 1.0 1.0 0.4111732696480955 0.9070622807849086 0.0 0.0 0.0 0.0 0.0 1.208669241748606e-09 0.5986410635155096 0.4877015643802647 0.20676691729323307 0.19689737470167065 0.2017114914425428 0.5890697674418605 0.0 0.0 0.0
svg/svg/g/g_1/g_2/g_3/g_21/path_26 2.0 1.0 1.0 0.4111732696480955 0.9070622807849086 0.0 0.0 0.0 0.0 0.0 1.2186582437465285e-09 0.5997045790251108 0.48856799037304455 0.39473684210526316 0.37589498806682575 0.38508557457212717 0.5901162790697675 0.0 0.0 0.0
svg/svg/g/g_1/g_2/g_3/g_21/path_27 2.0 1.0 1.0 0.4111732696480955 0.9070622807849086 0.0 0.0 0.0 0.0 0.0 1.228647245744451e-09 0.5946233382570163 0.48442839951865224 0.7706766917293233 0.733890214797136 0.7518337408312958 0.5851162790697675 0.0 0.0 0.0
svg/svg/g/g_1/g_2/g_3/g_21/path_28 2.0 1.0 1.0 0.4111732696480955 0.9070622807849086 0.0 0.0 0.0 0.0 0.0 1.2386362477423733e-09 0.4931757754800591 0.4017809867629362 0.5200501253132832 0.49522673031026254 0.5073349633251834 0.4852906976744186 0.0 0.0 0.0
svg/svg/g/g_1/g_2/g_3/g_21/path_29 2.0 1.0 1.0 0.4111732696480955 0.9070622807849086 0.0 0.0 0.0 0.0 0.0 1.2486252497402957e-09 0.5054652880354505 0.4117930204572804 0.6453634085213033 0.6145584725536993 0.6295843520782396 0.49738372093023253 0.0 0.0 0.0
svg/svg/g/g_1/g_2/g_3/g_21/path_30 2.0 1.0 1.0 0.4111732696480955 0.9070622807849086 0.0 0.0 0.0 0.0 0.0 1.258614251738218e-09 0.09550960118168389 0.0778098676293622 0.08145363408521303 0.07756563245823389 0.07946210268948656 0.09398255813953488 0.0 0.0 0.0
svg/svg/g/g_1/g_2/g_3/g_21/path_31 2.0 1.0 1.0 0.4111732696480955 0.9070622807849086 0.0 0.0 0.0 0.0 0.0 1.2686032537361403e-09 0.047858197932053176 0.03898916967509025 0.14411027568922305 0.13723150357995226 0.14058679706601468 0.04709302325581395 0.0 0.0 0.0
svg/svg/g/g_1/g_2/g_3/g_21/path_32 2.0 1.0 1.0 0.4111732696480955 0.9070622807849086 0.0 0.0 0.0 0.0 0.0 1.2785922557340629e-09 0.4430428360413589 0.36093862815884475 0.7080200501253133 0.6742243436754176 0.6907090464547677 0.4359593023255814 0.0 0.0 0.0
svg/svg/g/g_1/g_2/g_3/g_21/path_33 2.0 1.0 1.0 0.4111732696480955 0.9070622807849086 0.0 0.0 0.0 0.0 0.0 1.2885812577319853e-09 0.5726440177252585 0.4665222623345367 0.5827067669172933 0.5548926014319809 0.5684596577017115 0.5634883720930233 0.0 0.0 0.0
svg/svg/g/g_1/g_2/g_3/g_21/path_34 2.0 1.0 1.0 0.4111732696480955 0.9070622807849086 0.0 0.0 0.0 0.0 0.0 1.208669241748606e-09 0.18035450516986706 0.14693140794223827 0.2694235588972431 0.256563245823389 0.2628361858190709 0.17747093023255814 0.0 0.0 0.0
svg/svg/g/g_1/g_2/g_3/g_21/path_35 2.0 1.0 1.0 0.4111732696480955 0.9070622807849086 0.0 0.0 0.0 0.0 0.0 1.2096681419483983e-09 0.2639586410635155 0.21504211793020456 0.4573934837092732 0.43556085918854415 0.44621026894865523 0.25973837209302325 0.0 0.0 0.0
svg/svg/g/g_1/g_2/g_3/g_21/path_36 2.0 1.0 1.0 0.4111732696480955 0.9070622807849086 0.0 0.0 0.0 0.0 0.0 1.2106670421481905e-09 0.5728803545051698 0.4667148014440433 0.018796992481203006 0.017899761336515514 0.018337408312958436 0.5637209302325581 0.0 0.0 0.0
svg/svg/g/g_1/g_2/g_3/g_22/g_23/path_37 2.0 1.0 0.0 0.0 0.0 0.0 0.0 0.0 0.0 0.0 1.2985702597299074e-08 0.014771048744460856 0.012033694344163659 0.006265664160401002 0.0059665871121718375 0.006112469437652812 0.014534883720930232 0.0 0.0 0.0
svg/svg/g/g_1/g_2/g_3/g_22/g_23/g_24/g_25/text_3 9.0 1.0 0.0 0.0 0.0 0.0 0.0 0.0 0.0 0.0 1.2995691599296998e-06 0.22304283604135894 0.2779783393501805 0.02694235588972431 0.038782816229116945 0.03300733496332518 0.27761627906976744 0.016666666666666666 0.2 1.0
svg/svg/g/g_1/g_2/g_3/g_22/g_23/g_24/g_26/line 6.0 1.0 0.0 0.0 0.0 0.0 0.0 0.61537840239076 0.0 0.0 1.299669049949679e-06 0.6366322008862629 1.0 0.13095238095238096 0.1247016706443914 0.12775061124694376 0.9171511627906976 0.0 1.0 0.0
svg/svg/g/g_1/g_2/g_3/g_22/g_23/g_24/g_27/text_4 9.0 1.0 0.0 0.0 0.0 0.0 0.0 0.0 0.0 0.0 1.2997689399696582e-06 0.05465288035450517 0.06859205776173286 0.12218045112781954 0.16408114558472553 0.14364303178484109 0.06831395348837209 0.06060606060606061 0.05 0.9090909090909091
svg/svg/g/g_1/g_2/g_3/g_22/g_23/g_24/g_27/text_5 9.0 1.0 0.0 0.0 0.0 0.0 0.0 0.0 0.0 0.0 1.299778928971656e-06 0.1390576070901034 0.13735499398315282 0.12218045112781954 0.16408114558472553 0.14364303178484109 0.15136918604651162 0.06060606060606061 0.05 0.9090909090909091
svg/svg/g/g_1/g_2/g_3/g_22/g_23/g_24/g_27/text_6 9.0 1.0 0.0 0.0 0.0 0.0 0.0 0.0 0.0 0.0 1.2997889179736542e-06 0.22346528803545052 0.20612033694344165 0.12218045112781954 0.16408114558472553 0.14364303178484109 0.23442732558139534 0.06060606060606061 0.05 0.9090909090909091
svg/svg/g/g_1/g_2/g_3/g_22/g_23/g_24/g_27/text_7 9.0 1.0 0.0 0.0 0.0 0.0 0.0 0.0 0.0 0.0 1.2997989069756518e-06 0.30787001477104875 0.2748832731648616 0.12218045112781954 0.16408114558472553 0.14364303178484109 0.31748255813953485 0.06060606060606061 0.05 0.9090909090909091
svg/svg/g/g_1/g_2/g_3/g_22/g_23/g_24/g_27/text_8 9.0 1.0 0.0 0.0 0.0 0.0 0.0 0.0 0.0 0.0 1.2998088959776499e-06 0.39227769571639587 0.3436486161251504 0.12218045112781954 0.16408114558472553 0.14364303178484109 0.40054069767441863 0.06060606060606061 0.05 0.9090909090909091
svg/svg/g/g_1/g_2/g_3/g_22/g_23/g_24/g_27/text_9 9.0 1.0 0.0 0.0 0.0 0.0 0.0 0.0 0.0 0.0 1.2998188849796477e-06 0.4766824224519941 0.4124115523465704 0.12218045112781954 0.16408114558472553 0.14364303178484109 0.48359593023255815 0.06060606060606061 0.05 0.9090909090909091
svg/svg/g/g_1/g_2/g_3/g_22/g_23/g_24/g_27/text_10 9.0 1.0 0.0 0.0 0.0 0.0 0.0 0.0 0.0 0.0 1.2998288739816458e-06 0.5610901033973412 0.4811768953068592 0.12218045112781954 0.16408114558472553 0.14364303178484109 0.5666540697674418 0.06060606060606061 0.05 0.9090909090909091
svg/svg/g/g_1/g_2/g_3/g_22/g_23/g_24/g_27/text_11 9.0 1.0 0.0 0.0 0.0 0.0 0.0 0.0 0.0 0.0 1.2998388629836437e-06 0.6454948301329394 0.5499398315282792 0.12218045112781954 0.16408114558472553 0.14364303178484109 0.6497093023255814 0.06060606060606061 0.05 0.9090909090909091
svg/svg/g/g_1/g_2/g_3/g_22/g_23/g_24/g_28/line_1 6.0 1.0 0.0 0.0 0.0 0.0 0.0 0.61537840239076 0.0 0.0 1.2998688299896374e-06 0.04579025110782865 0.03730445246690734 0.13095238095238096 0.13066825775656324 0.13080684596577016 0.04505813953488372 0.007575757575757576 0.0 0.0
svg/svg/g/g_1/g_2/g_3/g_22/g_23/g_24/g_28/line_2 6.0 1.0 0.0 0.0 0.0 0.0 0.0 0.61537840239076 0.0 0.0 1.2998788189916353e-06 0.13146233382570163 0.10709987966305656 0.13095238095238096 0.13066825775656324 0.13080684596577016 0.12936046511627908 0.007575757575757576 0.0 0.0
svg/svg/g/g_1/g_2/g_3/g_22/g_23/g_24/g_28/line_3 6.0 1.0 0.0 0.0 0.0 0.0 0.0 0.61537840239076 0.0 0.0 1.2998888079936334e-06 0.21418020679468242 0.17448856799037304 0.13095238095238096 0.13066825775656324 0.13080684596577016 0.21075581395348839 0.007575757575757576 0.0 0.0
svg/svg/g/g_1/g_2/g_3/g_22/g_23/g_24/g_28/line_4 6.0 1.0 0.0 0.0 0.0 0.0 0.0 0.61537840239076 0.0 0.0 1.299898796995631e-06 0.2998522895125554 0.24428399518652227 0.13095238095238096 0.13066825775656324 0.13080684596577016 0.29505813953488375 0.007575757575757576 0.0 0.0
svg/svg/g/g_1/g_2/g_3/g_22/g_23/g_24/g_28/line_5 6.0 1.0 0.0 0.0 0.0 0.0 0.0 0.61537840239076 0.0 0.0 1.299908785997629e-06 0.3825701624815362 0.31167268351383876 0.13095238095238096 0.13066825775656324 0.13080684596577016 0.376453488372093 0.007575757575757576 0.0 0.0
svg/svg/g/g_1/g_2/g_3/g_22/g_23/g_24/g_28/line_6 6.0 1.0 0.0 0.0 0.0 0.0 0.0 0.61537840239076 0.0 0.0 1.299918774999627e-06 0.46824224519940916 0.381468110709988 0.13095238095238096 0.13066825775656324 0.13080684596577016 0.46075581395348836 0.007575757575757576 0.0 0.0
svg/svg/g/g_1/g_2/g_3/g_22/g_23/g_24/g_28/line_7 6.0 1.0 0.0 0.0 0.0 0.0 0.0 0.61537840239076 0.0 0.0 1.299928764001625e-06 0.55096011816839 0.44885679903730447 0.13095238095238096 0.13066825775656324 0.13080684596577016 0.5421511627906976 0.007575757575757576 0.0 0.0
svg/svg/g/g_1/g_2/g_3/g_22/g_23/g_24/g_28/line_8 6.0 1.0 0.0 0.0 0.0 0.0 0.0 0.61537840239076 0.0 0.0 1.2999387530036229e-06 0.6366322008862629 0.5186522262334536 0.13095238095238096 0.13066825775656324 0.13080684596577016 0.626453488372093 0.007575757575757576 0.0 0.0
svg/svg/g/g_1/g_2/g_3/g_22/g_23/path_38 2.0 1.0 0.0 0.0 0.0 0.0 0.0 0.0 0.0 0.0 1.3005680601294918e-08 0.014771048744460856 0.012033694344163659 0.006265664160401002 0.0059665871121718375 0.006112469437652812 0.014534883720930232 0.0 0.0 0.0
svg/svg/g/g_1/g_2/g_3/g_29/g_30/path_39 2.0 1.0 0.0 0.0 0.0 0.0 0.0 0.0 0.0 0.0 1.3984602797091312e-08 0.014771048744460856 0.012033694344163659 0.006265664160401002 0.0059665871121718375 0.006112469437652812 0.014534883720930232 0.0 0.0 0.0
svg/svg/g/g_1/g_2/g_3/g_29/g_30/g_31/g_32/text_12 9.0 1.0 0.0 0.0 0.0 0.0 0.0 0.0 0.0 0.0 1.3994591799089235e-06 1.0 0.8411552346570397 0.5444862155388471 0.5662291169451074 0.5556234718826406 1.0 0.06060606060606061 0.055 1.0
svg/svg/g/g_1/g_2/g_3/g_29/g_30/g_31/g_33/line_9 6.0 1.0 0.0 0.0 0.0 0.0 0.0 0.61537840239076 0.0 0.0 1.3995590699289027e-06 0.6366322008862629 0.5186522262334536 0.13095238095238096 0.912291169451074 0.5311735941320294 0.626453488372093 1.0 0.0 0.0
svg/svg/g/g_1/g_2/g_3/g_29/g_30/g_31/g_34/text_13 9.0 1.0 0.0 0.0 0.0 0.0 0.0 0.0 0.0 0.0 1.3996589599488819e-06 0.5391432791728212 0.5354993983152828 0.9197994987468672 0.8878281622911695 0.9034229828850856 0.5886627906976745 0.015151515151515152 0.2 0.9090909090909091
svg/svg/g/g_1/g_2/g_3/g_29/g_30/g_31/g_34/text_14 9.0 1.0 0.0 0.0 0.0 0.0 0.0 0.0 0.0 0.0 1.3996689489508798e-06 0.5391432791728212 0.5354993983152828 0.8571428571428571 0.8281622911694511 0.8422982885085575 0.5886627906976745 0.015151515151515152 0.2 0.9090909090909091
svg/svg/g/g_1/g_2/g_3/g_29/g_30/g_31/g_34/text_15 9.0 1.0 0.0 0.0 0.0 0.0 0.0 0.0 0.0 0.0 1.3996789379528778e-06 0.5391432791728212 0.5354993983152828 0.7944862155388471 0.7684964200477327 0.7811735941320294 0.5886627906976745 0.015151515151515152 0.2 0.9090909090909091
svg/svg/g/g_1/g_2/g_3/g_29/g_30/g_31/g_34/text_16 9.0 1.0 0.0 0.0 0.0 0.0 0.0 0.0 0.0 0.0 1.3996889269548755e-06 0.5391432791728212 0.5354993983152828 0.731829573934837 0.7088305489260143 0.7200488997555012 0.5886627906976745 0.015151515151515152 0.2 0.9090909090909091
svg/svg/g/g_1/g_2/g_3/g_29/g_30/g_31/g_34/text_17 9.0 1.0 0.0 0.0 0.0 0.0 0.0 0.0 0.0 0.0 1.3996989159568735e-06 0.5391432791728212 0.5354993983152828 0.6691729323308271 0.649164677804296 0.6589242053789731 0.5886627906976745 0.015151515151515152 0.2 0.9090909090909091
svg/svg/g/g_1/g_2/g_3/g_29/g_30/g_31/g_34/text_18 9.0 1.0 0.0 0.0 0.0 0.0 0.0 0.0 0.0 0.0 1.3997089049588714e-06 0.5391432791728212 0.5354993983152828 0.606516290726817 0.5894988066825776 0.597799511002445 0.5886627906976745 0.015151515151515152 0.2 0.9090909090909091
svg/svg/g/g_1/g_2/g_3/g_29/g_30/g_31/g_34/text_19 9.0 1.0 0.0 0.0 0.0 0.0 0.0 0.0 0.0 0.0 1.3997188939608695e-06 0.5391432791728212 0.5354993983152828 0.543859649122807 0.5298329355608592 0.5366748166259169 0.5886627906976745 0.015151515151515152 0.2 0.9090909090909091
svg/svg/g/g_1/g_2/g_3/g_29/g_30/g_31/g_34/text_20 9.0 1.0 0.0 0.0 0.0 0.0 0.0 0.0 0.0 0.0 1.3997288829628673e-06 0.5391432791728212 0.5354993983152828 0.48120300751879697 0.4701670644391408 0.47555012224938875 0.5886627906976745 0.015151515151515152 0.2 0.9090909090909091
svg/svg/g/g_1/g_2/g_3/g_29/g_30/g_31/g_34/text_21 9.0 1.0 0.0 0.0 0.0 0.0 0.0 0.0 0.0 0.0 1.3997388719648652e-06 0.5391432791728212 0.5354993983152828 0.41854636591478694 0.4105011933174224 0.41442542787286063 0.5886627906976745 0.015151515151515152 0.2 0.9090909090909091
svg/svg/g/g_1/g_2/g_3/g_29/g_30/g_31/g_34/text_22 9.0 1.0 0.0 0.0 0.0 0.0 0.0 0.0 0.0 0.0 1.399748860966863e-06 0.5391432791728212 0.5354993983152828 0.3558897243107769 0.35083532219570407 0.3533007334963325 0.5886627906976745 0.015151515151515152 0.2 0.9090909090909091
svg/svg/g/g_1/g_2/g_3/g_29/g_30/g_31/g_34/text_23 9.0 1.0 0.0 0.0 0.0 0.0 0.0 0.0 0.0 0.0 1.3996689489508798e-06 0.5391432791728212 0.5354993983152828 0.2932330827067669 0.2911694510739857 0.2921760391198044 0.5886627906976745 0.015151515151515152 0.2 0.9090909090909091
svg/svg/g/g_1/g_2/g_3/g_29/g_30/g_31/g_34/text_24 9.0 1.0 0.0 0.0 0.0 0.0 0.0 0.0 0.0 0.0 1.3996699478510795e-06 0.5391432791728212 0.5354993983152828 0.23057644110275688 0.2315035799522673 0.2310513447432763 0.5886627906976745 0.015151515151515152 0.2 0.9090909090909091
svg/svg/g/g_1/g_2/g_3/g_29/g_30/g_31/g_34/text_25 9.0 1.0 0.0 0.0 0.0 0.0 0.0 0.0 0.0 0.0 1.3996709467512794e-06 0.5391432791728212 0.5354993983152828 0.16791979949874686 0.1718377088305489 0.16992665036674817 0.5886627906976745 0.015151515151515152 0.2 0.9090909090909091
svg/svg/g/g_1/g_2/g_3/g_29/g_30/g_31/g_35/line_10 6.0 1.0 0.0 0.0 0.0 0.0 0.0 0.61537840239076 0.0 0.0 1.399758849968861e-06 0.6366322008862629 0.5306859205776173 0.9191729323308271 0.8752983293556086 0.8966992665036675 0.6337209302325582 0.0 0.025 0.0
svg/svg/g/g_1/g_2/g_3/g_29/g_30/g_31/g_35/line_11 6.0 1.0 0.0 0.0 0.0 0.0 0.0 0.61537840239076 0.0 0.0 1.399768838970859e-06 0.6366322008862629 0.5306859205776173 0.856516290726817 0.8156324582338902 0.8355745721271394 0.6337209302325582 0.0 0.025 0.0
svg/svg/g/g_1/g_2/g_3/g_29/g_30/g_31/g_35/line_12 6.0 1.0 0.0 0.0 0.0 0.0 0.0 0.61537840239076 0.0 0.0 1.399778827972857e-06 0.6366322008862629 0.5306859205776173 0.7951127819548872 0.7571599045346062 0.7756723716381418 0.6337209302325582 0.0 0.025 0.0
svg/svg/g/g_1/g_2/g_3/g_29/g_30/g_31/g_35/line_13 6.0 1.0 0.0 0.0 0.0 0.0 0.0 0.61537840239076 0.0 0.0 1.3997888169748547e-06 0.6366322008862629 0.5306859205776173 0.731203007518797 0.6963007159904535 0.7133251833740831 0.6337209302325582 0.0 0.025 0.0
svg/svg/g/g_1/g_2/g_3/g_29/g_30/g_31/g_35/line_14 6.0 1.0 0.0 0.0 0.0 0.0 0.0 0.61537840239076 0.0 0.0 1.3997988059768527e-06 0.6366322008862629 0.5306859205776173 0.668546365914787 0.6366348448687351 0.652200488997555 0.6337209302325582 0.0 0.025 0.0
svg/svg/g/g_1/g_2/g_3/g_29/g_30/g_31/g_35/line_15 6.0 1.0 0.0 0.0 0.0 0.0 0.0 0.61537840239076 0.0 0.0 1.3998087949788506e-06 0.6366322008862629 0.5306859205776173 0.6058897243107769 0.5769689737470167 0.5910757946210269 0.6337209302325582 0.0 0.025 0.0
svg/svg/g/g_1/g_2/g_3/g_29/g_30/g_31/g_35/line_16 6.0 1.0 0.0 0.0 0.0 0.0 0.0 0.61537840239076 0.0 0.0 1.3998187839808487e-06 0.6366322008862629 0.5306859205776173 0.543233082706767 0.5173031026252983 0.5299511002444988 0.6337209302325582 0.0 0.025 0.0
svg/svg/g/g_1/g_2/g_3/g_29/g_30/g_31/g_35/line_17 6.0 1.0 0.0 0.0 0.0 0.0 0.0 0.61537840239076 0.0 0.0 1.3998287729828465e-06 0.6366322008862629 0.5306859205776173 0.4818295739348371 0.4588305489260143 0.47004889975550124 0.6337209302325582 0.0 0.025 0.0
svg/svg/g/g_1/g_2/g_3/g_29/g_30/g_31/g_35/line_18 6.0 1.0 0.0 0.0 0.0 0.0 0.0 0.61537840239076 0.0 0.0 1.3998387619848444e-06 0.6366322008862629 0.5306859205776173 0.41791979949874686 0.3979713603818616 0.4077017114914425 0.6337209302325582 0.0 0.025 0.0
svg/svg/g/g_1/g_2/g_3/g_29/g_30/g_31/g_35/line_19 6.0 1.0 0.0 0.0 0.0 0.0 0.0 0.61537840239076 0.0 0.0 1.3998487509868422e-06 0.6366322008862629 0.5306859205776173 0.35526315789473684 0.3383054892601432 0.3465770171149144 0.6337209302325582 0.0 0.025 0.0
svg/svg/g/g_1/g_2/g_3/g_29/g_30/g_31/g_35/line_20 6.0 1.0 0.0 0.0 0.0 0.0 0.0 0.61537840239076 0.0 0.0 1.399768838970859e-06 0.6366322008862629 0.5306859205776173 0.29385964912280704 0.2798329355608592 0.2866748166259169 0.6337209302325582 0.0 0.025 0.0
svg/svg/g/g_1/g_2/g_3/g_29/g_30/g_31/g_35/line_21 6.0 1.0 0.0 0.0 0.0 0.0 0.0 0.61537840239076 0.0 0.0 1.399769837871059e-06 0.6366322008862629 0.5306859205776173 0.231203007518797 0.2201670644391408 0.22555012224938875 0.6337209302325582 0.0 0.025 0.0
svg/svg/g/g_1/g_2/g_3/g_29/g_30/g_31/g_35/line_22 6.0 1.0 0.0 0.0 0.0 0.0 0.0 0.61537840239076 0.0 0.0 1.3997708367712587e-06 0.6366322008862629 0.5306859205776173 0.16854636591478697 0.16050119331742244 0.16442542787286063 0.6337209302325582 0.0 0.025 0.0
svg/svg/g/g_1/g_2/g_3/g_29/g_30/path_40 2.0 1.0 0.0 0.0 0.0 0.0 0.0 0.0 0.0 0.0 1.4004580801087154e-08 0.014771048744460856 0.012033694344163659 0.006265664160401002 0.0059665871121718375 0.006112469437652812 0.014534883720930232 0.0 0.0 0.0
svg/svg/g/g_1/g_2/g_3/g_36/g_37/path_41 2.0 1.0 0.0 0.0 0.0 0.0 0.0 0.0 0.0 0.0 1.4983502996883548e-08 0.014771048744460856 0.012033694344163659 0.006265664160401002 0.0059665871121718375 0.006112469437652812 0.014534883720930232 0.0 0.0 0.0
svg/svg/g/g_1/g_2/g_3/g_36/g_37/g_38/g_39/line_23 6.0 1.0 0.0 0.0 0.0 0.0 0.0 1.0 0.0 0.0 1.4993491998881471e-06 0.04579025110782865 0.03730445246690734 0.13095238095238096 0.912291169451074 0.5311735941320294 0.04505813953488372 1.0 0.0 0.0
svg/svg/g/g_1/g_2/g_3/g_36/g_37/g_38/g_39/line_24 6.0 1.0 0.0 0.0 0.0 0.0 0.0 1.0 0.0 0.0 1.499359188890145e-06 0.13146233382570163 0.10709987966305656 0.13095238095238096 0.912291169451074 0.5311735941320294 0.12936046511627908 1.0 0.0 0.0
svg/svg/g/g_1/g_2/g_3/g_36/g_37/g_38/g_39/line_25 6.0 1.0 0.0 0.0 0.0 0.0 0.0 1.0 0.0 0.0 1.499369177892143e-06 0.21418020679468242 0.17448856799037304 0.13095238095238096 0.912291169451074 0.5311735941320294 0.21075581395348839 1.0 0.0 0.0
svg/svg/g/g_1/g_2/g_3/g_36/g_37/g_38/g_39/line_26 6.0 1.0 0.0 0.0 0.0 0.0 0.0 1.0 0.0 0.0 1.4993791668941407e-06 0.2998522895125554 0.24428399518652227 0.13095238095238096 0.912291169451074 0.5311735941320294 0.29505813953488375 1.0 0.0 0.0
svg/svg/g/g_1/g_2/g_3/g_36/g_37/g_38/g_39/line_27 6.0 1.0 0.0 0.0 0.0 0.0 0.0 1.0 0.0 0.0 1.4993891558961388e-06 0.3825701624815362 0.31167268351383876 0.13095238095238096 0.912291169451074 0.5311735941320294 0.376453488372093 1.0 0.0 0.0
svg/svg/g/g_1/g_2/g_3/g_36/g_37/g_38/g_39/line_28 6.0 1.0 0.0 0.0 0.0 0.0 0.0 1.0 0.0 0.0 1.4993991448981366e-06 0.46824224519940916 0.381468110709988 0.13095238095238096 0.912291169451074 0.5311735941320294 0.46075581395348836 1.0 0.0 0.0
svg/svg/g/g_1/g_2/g_3/g_36/g_37/g_38/g_39/line_29 6.0 1.0 0.0 0.0 0.0 0.0 0.0 1.0 0.0 0.0 1.4994091339001347e-06 0.55096011816839 0.44885679903730447 0.13095238095238096 0.912291169451074 0.5311735941320294 0.5421511627906976 1.0 0.0 0.0
svg/svg/g/g_1/g_2/g_3/g_36/g_37/g_38/g_39/line_30 6.0 1.0 0.0 0.0 0.0 0.0 0.0 1.0 0.0 0.0 1.4994191229021326e-06 0.6366322008862629 0.5186522262334536 0.13095238095238096 0.912291169451074 0.5311735941320294 0.626453488372093 1.0 0.0 0.0
svg/svg/g/g_1/g_2/g_3/g_36/g_37/path_42 2.0 1.0 0.0 0.0 0.0 0.0 0.0 0.0 0.0 0.0 1.5003481000879392e-08 0.014771048744460856 0.012033694344163659 0.006265664160401002 0.0059665871121718375 0.006112469437652812 0.014534883720930232 0.0 0.0 0.0
svg/svg/g/g_1/g_2/path_43 2.0 1.0 0.0 0.0 0.0 0.0 0.0 1.0 0.0 0.0 1.9978003995844732e-11 0.01624815361890694 0.013237063778580024 0.006892230576441102 0.0065632458233890216 0.006723716381418093 0.015988372093023256 0.0 0.0 0.0
